
Correlation coefficient                  0.5359
Mean absolute error                      0.1624
Root mean squared error                  0.2259
Relative absolute error                102.0242 %
Root relative squared error            112.0204 %
Total Number of Instances              100     
Our method Error:0.21424938713040143

===========================
Result:
No	Actual	Predicted	Error
0	256.899	312.3433673778389	0.2158216551167536
1	196.685	171.99138971107047	0.12554902655987765
2	164.992	152.7404489084807	0.07425542506011991
3	216.774	172.69727310850638	0.20333032047890254
4	147.91	151.80605557514733	0.02634071783616611
5	395.977	341.3577242265463	0.13793547547825682
6	198.359	171.99138971107047	0.13292873168814895
7	242.334	172.69727310850638	0.28735846761698164
8	401.167	341.3577242265463	0.14908822453854303
9	251.671	312.3433673778389	0.24107810346777697
10	162.981	152.7404489084807	0.06283279088678624
11	143.343	151.80605557514733	0.0590405919727321
12	263.003	231.7571626480215	0.11880411003668583
13	154.444	158.1175623821693	0.023785724160014687
14	301.236	204.61775232525298	0.32073937933961083
15	211.248	172.8294240468817	0.1818648032318331
16	265.393	215.4084705220347	0.18834155187953444
17	303.644	205.849352325253	0.3220700809986267
18	211.048	171.8850373161125	0.18556424455046963
19	238.708	232.95114681468817	0.024116716596476975
20	150.637	157.57929444769638	0.04608625004279416
21	231.672	174.60105758144084	0.246343720512445
22	145.193	156.38047805880748	0.07705246161183714
23	304.838	216.17318462459878	0.2908588016435
24	247.446	232.95114681468817	0.058577843995505384
25	151.689	158.1175623821693	0.04237988504221996
26	179.914	174.41712148277912	0.030552811438914505
27	249.455	203.5439181095667	0.18404554685387467
28	190.287	173.51787404688173	0.08812544184898746
29	296.893	203.5439181095667	0.31441994890561004
30	224.199	233.97656348135484	0.043611093186654855
31	142.572	157.57929444769638	0.10526116241405312
32	140.409	156.38047805880748	0.11374967458501586
33	386.265	370.46889618586744	0.040894473519818134
34	283.854	188.69312043434192	0.3352458643022754
35	329.917	245.66073734186222	0.2553862415642048
36	220.577	245.66073734186222	0.1137187346906623
37	314.842	245.66073734186222	0.21973327147628896
38	240.922	245.66073734186222	0.019669176504687073
39	355.596	370.46889618586744	0.04182526289909738
40	250.522	188.69312043434192	0.24680019944618864
41	173.642	151.80605557514733	0.1257526659728215
42	318.239	245.66073734186222	0.22806212518936322
43	304.278	245.66073734186222	0.19264377529146964
44	366.267	359.1911979465191	0.01931869934632635
45	322.016	245.66073734186222	0.23711636272153494
46	380.534	359.1911979465191	0.056086452336666134
47	307.349	245.66073734186222	0.20071079671037736
48	323.276	205.22050561951806	0.3651848401380923
49	319.526	245.66073734186222	0.23117136839611735
50	299.366	165.58731221201538	0.4468733516430878
51	129.87	151.55738890848068	0.16699306158836275
52	232.498	172.69727310850638	0.2572096400463385
53	167.027	152.7404489084807	0.08553438121692482
54	245.408	173.4619872110705	0.29316897896127875
55	510.37	175.48936084840534	0.6561526718882275
56	227.452	172.69727310850638	0.24073090978093672
57	238.699	173.4619872110705	0.2733024134534687
58	497.02	175.48936084840534	0.6469169030453396
59	295.926	165.58731221201538	0.44044351556802924
60	196.276	151.55738890848068	0.2278353496684227
61	177.776	152.7404489084807	0.14082638315362772
62	215.627	165.3687376226932	0.23307963463437698
63	291.591	181.5222300987465	0.37747656786819045
64	285.353	179.43671157630678	0.371176361992666
65	295.068	178.33238695536213	0.3956227481280175
66	236.257	174.00595432465948	0.26348868255899516
67	302.988	178.35506151220426	0.41134612092820755
68	205.147	177.43313951946467	0.1350926919747075
69	214.622	160.92272440237133	0.25020396603157496
70	323.784	182.54764676541316	0.43620547412653754
71	152.392	157.26887099328042	0.03200214573783677
72	241.223	177.32816078085224	0.2648787189411779
73	261.304	174.00595432465948	0.3340861436309452
74	244.272	165.3687376226932	0.3230139450174674
75	350.164	180.32824593207985	0.4850177461644262
76	309.797	178.53680945536212	0.42369742297258495
77	224.447	172.5734873161125	0.23111697943785167
78	349.315	178.53680945536212	0.48889452369534053
79	194.734	160.92272440237133	0.1736280033154389
80	316.142	181.5222300987465	0.42582058031281356
81	130.931	157.26887099328042	0.20115840399355692
82	217.435	173.51787404688173	0.2019781817698083
83	245.302	152.115419741814	0.3798851222500672
84	311.351	251.3582429663765	0.19268528777368144
85	260.827	245.66073734186222	0.05814682781359975
86	264.855	245.66073734186222	0.07247083369442828
87	260.738	245.4808573418622	0.0585152247011859
88	310.356	152.115419741814	0.5098679589187449
89	332.744	251.3582429663765	0.2445897057005491
90	192.416	152.7404489084807	0.2061967356743686
91	252.504	245.4808573418622	0.027813985751266517
92	248.147	245.09439067519554	0.01230161688355874
93	366.842	251.3582429663765	0.3148051668937131
94	222.848	245.09439067519554	0.09982764339458074
95	302.506	251.3582429663765	0.16908014067034527
96	234.911	245.66073734186222	0.04576089387837187
97	235.918	245.66073734186222	0.04129713435118223
98	388.877	176.22756918975082	0.5468295394437037
99	452.756	245.09439067519554	0.4586611979185355
