
Correlation coefficient                  0.6183
Mean absolute error                      0.0332
Root mean squared error                  0.047 
Relative absolute error                 99.725  %
Root relative squared error            107.7363 %
Total Number of Instances              366     
Our method Error:0.2172766848296555

===========================
Result:
No	Actual	Predicted	Error
0	256.281	229.79623752444348	0.10334266869395906
1	208.396	156.67890468244926	0.2481674087676862
2	204.729	199.72201471000994	0.02445664898470695
3	309.643	202.36699252751214	0.34645061400544447
4	324.498	210.87367815274598	0.35015415148091517
5	159.687	158.04714755874573	0.0102691668154219
6	183.757	146.92613266488465	0.20043245881852315
7	167.769	147.39009998539746	0.12146999752399161
8	268.869	229.79623752444348	0.1453226756359288
9	156.742	156.33770889540395	0.0025793412397190347
10	222.547	205.4561252826928	0.07679669785396884
11	367.127	263.674296474008	0.2817899623999107
12	336.445	226.20981646777227	0.3276469661675095
13	206.084	195.92767991702127	0.04928242892693629
14	219.644	207.5483557767906	0.05506931317590922
15	298.149	219.66538860577532	0.2632362053678687
16	277.711	246.90618151615982	0.11092401267447163
17	146.789	146.92613266488465	9.342162211382357E-4
18	230.494	217.61655032306132	0.05586891492593595
19	254.882	263.674296474008	0.03449555666546861
20	237.137	219.87025425956918	0.0728133768261841
21	166.09	145.29793219120046	0.12518554885182456
22	311.483	224.5834933387059	0.2789863545082528
23	154.461	155.64041168244924	0.007635660020647463
24	201.831	222.66945299128363	0.1032470383205932
25	261.615	263.674296474008	0.007871477071299295
26	197.931	158.04714755874573	0.20150381921606153
27	201.657	195.92767991702127	0.02841121351095546
28	268.297	212.9868677231193	0.20615263039422996
29	350.073	251.67022570115995	0.2810921559184514
30	314.188	263.674296474008	0.1607754068455575
31	313.346	229.79623752444348	0.266637399154789
32	237.608	210.55932580732315	0.11383738844094834
33	216.477	219.1674157754422	0.01242818301917619
34	167.629	190.98701117146643	0.13934349767323342
35	146.528	156.67890468244926	0.0692762112527931
36	277.539	229.79623752444348	0.17202181486406057
37	174.575	146.92613266488465	0.15837816030425514
38	178.073	149.18760614709822	0.16221096883245514
39	201.343	201.5715552884215	0.0011351538837780198
40	223.344	216.57147839217475	0.030323275341290746
41	245.239	216.0873866077206	0.11887021800072343
42	384.454	251.67022570115995	0.34538273577291445
43	156.904	149.591803550607	0.04660299577699093
44	347.502	205.18805259179138	0.4095341822729326
45	172.781	145.70934360786708	0.15668190595107634
46	344.35	247.64296582735074	0.2808393616165218
47	260.292	210.87367815274598	0.18985724435347223
48	189.537	207.5483557767906	0.09502817801690748
49	156.084	149.591803550607	0.04159424700413234
50	237.902	216.07859283646644	0.09173276039517762
51	309.631	213.64900390192958	0.30998832835882195
52	267.001	227.85066411780662	0.14662992229315008
53	155.651	146.92613266488465	0.05605403971137585
54	137.244	145.76827302453378	0.06211035108663245
55	222.548	158.04714755874573	0.2898289467497091
56	156.579	158.42427496816353	0.01178494541518034
57	172.51	146.91895071737827	0.14834530915669658
58	272.393	210.04871687965797	0.2288762307413994
59	237.057	229.79623752444348	0.03062876217768935
60	254.58	263.674296474008	0.03572274520389646
61	282.665	227.2837535206042	0.1959253762559773
62	295.729	225.34855133884395	0.2379896752133069
63	298.302	263.674296474008	0.11608270653898413
64	201.888	158.04714755874573	0.21715432537473386
65	148.796	147.16359155071157	0.010970781803868516
66	218.45	211.00027074194114	0.034102674561954004
67	172.467	146.91895071737827	0.14813297200404568
68	215.339	211.81106256294615	0.016383179252498853
69	145.831	145.76827302453378	4.301347139236871E-4
70	168.75	146.92613266488465	0.129326621245128
71	210.577	158.04714755874573	0.2494567423852285
72	256.269	208.85839648101054	0.18500327202661837
73	269.925	210.87367815274598	0.21876936870335845
74	225.191	212.9454913608223	0.05437832168771265
75	161.168	146.92613266488465	0.08836659470313808
76	166.698	156.24168918244922	0.06272607240369282
77	310.097	263.674296474008	0.1497038137292267
78	186.072	192.82238234200642	0.03627833495639547
79	245.952	210.87367815274598	0.14262263306358158
80	169.761	140.06408584804564	0.17493366646022562
81	198.764	146.5573094272034	0.26265667109132745
82	246.09	181.06548362504242	0.26423063259359414
83	338.565	271.5959387670996	0.1978026707807966
84	202.912	158.09448149942372	0.2208717005429757
85	201.164	187.9325260362049	0.06577456186889842
86	285.414	140.06408584804564	0.5092599317200781
87	403.715	146.5573094272034	0.63697829055843
88	348.23	181.06548362504242	0.48004053750382675
89	631.809	271.5959387670996	0.5701296772171659
90	276.418	158.09448149942372	0.4280601064350957
91	363.503	187.9325260362049	0.48299594216222447
92	389.927	140.06408584804564	0.6407940823588887
93	566.798	146.5573094272034	0.7414293814953415
94	524.121	181.06548362504242	0.6545349573380147
95	884.517	271.5959387670996	0.6929443540744841
96	439.066	158.09448149942372	0.6399300298829249
97	528.883	187.9325260362049	0.6446614354475283
98	205.947	222.66945299128363	0.08119784697656986
99	172.161	146.92613266488465	0.14657714194919497
100	402.001	247.64296582735074	0.38397425422486325
101	159.314	145.76827302453378	0.08502533974080251
102	328.938	263.674296474008	0.19840730935918627
103	172.473	146.92613266488465	0.14812096580401202
104	325.956	263.674296474008	0.1910739594484901
105	149.856	145.76827302453378	0.027277699761545825
106	203.68	222.66945299128363	0.09323179983937366
107	218.507	158.04714755874573	0.2766952657866991
108	413.822	247.64296582735074	0.40157128952218407
109	223.123	158.04714755874573	0.2916590958406541
110	336.645	263.674296474008	0.21675861375036615
111	260.763	158.04714755874573	0.3939050112218921
112	343.295	263.674296474008	0.2319308569189532
113	215.179	158.04714755874573	0.26550849497978085
114	162.754	197.7361254520946	0.21493865251910618
115	285.605	214.34332996267955	0.24951128319644428
116	186.811	150.219790002992	0.19587288755484422
117	336.058	215.75957325633038	0.3579692396659791
118	163.509	145.64211792983681	0.10927155123059387
119	238.358	209.17049521156946	0.122452381663005
120	275.148	209.78151580732313	0.23756845113421463
121	162.63	197.49160889653905	0.21436148863394855
122	321.779	214.34332996267955	0.33388030305681987
123	228.829	158.04714755874573	0.3093220371598629
124	397.765	215.75957325633038	0.45757024057840584
125	237.552	158.04714755874573	0.3346839952568459
126	238.691	212.09196363607774	0.11143711477987132
127	277.212	205.48103461602614	0.258758514725098
128	200.785	223.4185603448204	0.11272535470687756
129	363.899	227.20027184397057	0.3756501890800179
130	225.037	158.04714755874573	0.2976837250818944
131	397.01	247.77253383401631	0.3759035444094196
132	255.448	158.04714755874573	0.38129424556565045
133	318.764	224.35494773491686	0.2961722536581394
134	353.114	224.35494773491686	0.36463876330330464
135	246.443	223.42585073385325	0.09339745606954451
136	342.966	263.674296474008	0.23119406450199737
137	236.514	158.04714755874573	0.3317640919406643
138	314.332	263.674296474008	0.16115986767491702
139	265.47	158.04714755874573	0.40465157057767087
140	264.057	223.42585073385325	0.15387264592927574
141	211.553	223.4185603448204	0.056087885044506146
142	199.333	195.60205733090262	0.01871713499068079
143	243.155	223.42585073385325	0.08113815988216055
144	150.723	147.39009998539746	0.022112749975800358
145	229.933	222.66945299128363	0.031589841426486666
146	281.123	218.03651795122715	0.22440882478051544
147	165.515	156.67890468244926	0.053385465471713925
148	154.99	145.76827302453378	0.059498851380516325
149	428.44	251.67022570115995	0.412589334093082
150	156.198	147.39009998539746	0.05638932646130265
151	371.39	263.674296474008	0.2900339360941114
152	407.508	263.674296474008	0.35295921436141625
153	172.789	156.67890468244926	0.09323565341283722
154	173.079	145.76827302453378	0.15779341789279014
155	410.591	263.674296474008	0.3578176421937939
156	206.708	158.04714755874573	0.2354086558877947
157	224.04	222.66945299128363	0.006117421035156033
158	290.332	218.03651795122715	0.2490096925201936
159	218.988	158.04714755874573	0.27828398104578456
160	224.936	158.04714755874573	0.29736837340956657
161	414.967	251.67022570115995	0.3935174948823401
162	206.826	158.04714755874573	0.23584487656897227
163	395.096	263.674296474008	0.3326323311954361
164	410.461	263.674296474008	0.3576142520872678
165	233.545	158.04714755874573	0.32326897360788825
166	200.75	158.04714755874573	0.21271657504983443
167	326.405	263.674296474008	0.19218671137388216
168	168.405	204.77878712888298	0.2159899476196252
169	215.879	202.64294220680299	0.06131239163233573
170	296.265	222.17587427498682	0.25007721372761943
171	169.385	148.2259239102561	0.12491705930125972
172	319.593	211.33268794433602	0.3387443156003542
173	260.843	211.4256430336078	0.1894524942835047
174	279.478	217.1446273573213	0.22303498895325824
175	199.912	155.56413161218137	0.22183695019717994
176	179.631	146.22826251317016	0.1859519653446779
177	182.747	193.2175680512533	0.057295430574801666
178	194.846	192.04077085075733	0.0143971605742108
179	285.361	223.06828825117728	0.2182944121615172
180	155.031	194.11021042102237	0.2520735234954452
181	171.061	189.66139421475444	0.10873544650595068
182	290.348	222.17587427498682	0.23479454215291026
183	222.906	158.04714755874573	0.2909695227640991
184	300.104	209.85570615662368	0.30072339536752696
185	265.986	213.22294748798677	0.1983677806802359
186	286.407	217.1446273573213	0.24183198260754343
187	247.029	158.04714755874573	0.3602081230999367
188	233.004	158.04714755874573	0.3216977066541959
189	200.74	203.5830272630821	0.014162734198874625
190	209.463	203.8002806801075	0.027034461073757603
191	251.939	223.06828825117728	0.11459405550082645
192	186.535	223.4185603448204	0.19772997209542664
193	217.693	219.20954676490098	0.006966447083282263
194	313.864	238.4988331957665	0.24012045600716703
195	253.379	158.04714755874573	0.376242121254146
196	299.936	225.34855133884395	0.24867788015161912
197	312.31	225.34855133884395	0.2784459308416511
198	244.822	215.4589026603629	0.11993651444574878
199	233.249	158.04714755874573	0.3224101815710004
200	244.162	158.04714755874573	0.35269555639802375
201	241.434	223.4185603448204	0.07461848644010202
202	229.774	219.20954676490098	0.04597758334319385
203	374.12	237.4572700351771	0.36529116316909793
204	238.036	219.240451165442	0.07896095058965026
205	236.432	223.4185603448204	0.05504094054603261
206	387.234	263.674296474008	0.31908278592786793
207	242.379	158.04714755874573	0.3479338244701656
208	226.546	223.4185603448204	0.013804876957348998
209	251.694	219.240451165442	0.12894049454718023
210	384.591	263.674296474008	0.31440336234075167
211	213.681	158.04714755874573	0.2603593788930896
212	234.41	158.04714755874573	0.32576618933174467
213	368.68	225.3890846328555	0.388659312593969
214	308.905	225.3890846328555	0.2703611640055825
215	371.023	263.674296474008	0.28933166818766504
216	170.82	205.1734975791081	0.20110934070429756
217	179.789	223.4185603448204	0.24267091059419887
218	158.141	146.92613266488465	0.07091688641854639
219	219.109	222.66945299128363	0.016249688471416626
220	288.256	215.48888585300358	0.2524392003878372
221	170.078	155.64041168244924	0.08488804147244654
222	161.794	145.76827302453378	0.09905019330424013
223	483.404	247.64296582735074	0.4877101434258907
224	167.071	146.92613266488465	0.12057668497294773
225	376.273	263.674296474008	0.2992473643497993
226	422.238	263.674296474008	0.3755315805919695
227	174.26	155.64041168244924	0.10684946813698354
228	152.294	145.76827302453378	0.042849534292002486
229	322.581	263.674296474008	0.18261058005893727
230	211.469	158.04714755874573	0.2526226181674584
231	218.502	222.66945299128363	0.01907283682201364
232	276.961	215.48888585300358	0.22195223929360605
233	233.616	158.04714755874573	0.3234746440365997
234	232.23	158.04714755874573	0.3194369910918239
235	350.699	247.64296582735074	0.29385893365150534
236	216.095	158.04714755874573	0.26862191370116967
237	345.132	263.674296474008	0.23601898266747803
238	434.925	263.674296474008	0.3937476657492488
239	225.111	158.04714755874573	0.2979145952052732
240	217.095	158.04714755874573	0.2719908447511655
241	334.56	263.674296474008	0.21187740173957445
242	151.378	196.68405564653904	0.29929088537660065
243	192.994	192.20203245203524	0.004103586370378143
244	283.954	214.80056598648912	0.24353745329705123
245	189.968	148.2259239102561	0.2197321448335713
246	331.938	207.45260843420797	0.37502603367433685
247	244.851	207.38699215967688	0.15300737117807614
248	222.262	214.87491333627847	0.033235940753352046
249	178.992	144.82060474554726	0.19091018176484276
250	191.371	145.64211792983681	0.23895408431874837
251	187.844	194.95643877203247	0.03786353980980216
252	191.304	191.86410869744049	0.002927846241795695
253	308.855	214.34332996267955	0.3060066051620355
254	162.634	194.57844925219118	0.19641925582714065
255	183.623	188.6076345354636	0.027146024928596163
256	284.098	214.80056598648912	0.24392087946240695
257	235.921	158.04714755874573	0.3300844453916958
258	289.38	205.48103461602614	0.28992662030539035
259	267.363	209.67888864452536	0.21575203508142354
260	222.775	214.87491333627847	0.03546217781942111
261	246.73	158.04714755874573	0.3594327906669406
262	233.516	158.04714755874573	0.32318493140193505
263	210.354	197.49160889653905	0.06114640607481181
264	197.016	195.16336949568603	0.009403452025794679
265	271.922	214.34332996267955	0.21174700847051903
266	184.691	223.4185603448204	0.2096884003271432
267	252.454	219.4428535463944	0.1307610354900521
268	377.239	228.16406122708744	0.3951737195065
269	227.656	158.04714755874573	0.30576331149301694
270	320.842	224.35494773491686	0.3007307405672672
271	278.096	224.35494773491686	0.1932464050726481
272	246.192	217.3719423270296	0.11706333947882311
273	229.348	158.04714755874573	0.3108849976509683
274	226.23	158.04714755874573	0.3013873157461621
275	253.282	223.4185603448204	0.11790589009554411
276	236.993	219.4428535463944	0.07405343809144407
277	340.488	227.20027184397057	0.33272164703610535
278	222.403	220.2940265463944	0.00948266639211515
279	225.701	223.4185603448204	0.010112669661098476
280	370.388	263.674296474008	0.28811328532779684
281	252.319	158.04714755874573	0.3736216949229121
282	235.459	223.4185603448204	0.051136034958016455
283	266.647	220.2940265463944	0.17383647089074913
284	362.228	263.674296474008	0.27207643673595644
285	238.416	158.04714755874573	0.33709504580755595
286	213.37	158.04714755874573	0.2592813068437656
287	256.077	223.42585073385325	0.12750520064725354
288	303.539	223.42585073385325	0.2639303327287325
289	330.934	263.674296474008	0.20324204683106614
290	170.564	198.26981442207747	0.1624364720695896
291	190.802	223.4185603448204	0.1709445411726314
292	236.113	217.61655032306132	0.07833727781587072
293	183.897	146.92613266488465	0.20104116616973275
294	324.798	229.79623752444348	0.29249491214710843
295	196.27	145.70934360786708	0.25760766491125964
296	404.699	247.64296582735074	0.3880811026779144
297	172.037	156.24168918244922	0.09181345185948828
298	317.452	263.674296474008	0.1694042044970327
299	167.321	146.92613266488465	0.1218906612745283
300	374.935	263.674296474008	0.2967466454878633
301	181.358	145.70934360786708	0.1965651164665078
302	342.186	263.674296474008	0.2294416005505544
303	169.973	156.24168918244922	0.08078524717190842
304	242.661	217.61655032306132	0.10320755983424894
305	226.545	158.04714755874573	0.3023587033095158
306	418.251	229.79623752444348	0.45057815157777625
307	200.124	158.04714755874573	0.21025390478530442
308	385.344	247.64296582735074	0.35734573309211837
309	228.402	158.04714755874573	0.30803080726637355
310	327.769	263.674296474008	0.19554840001950163
311	226.684	158.04714755874573	0.30278648886226756
312	359.67	263.674296474008	0.2668993897906193
313	206.792	158.04714755874573	0.23571923692045277
314	323.089	263.674296474008	0.18389577957154848
315	228.41	158.04714755874573	0.3080550433048214
316	187.189	194.12721884092414	0.03706531281712147
317	281.987	217.95579481731895	0.22707147912024694
318	249.847	203.71480419101894	0.18464178400773698
319	319.155	210.28190629251847	0.34112921216174436
320	178.515	148.29111536138393	0.1693072550688517
321	349.114	208.94413193848146	0.40150171021935105
322	355.679	204.41286479608272	0.4252883504618413
323	197.629	194.59521466235273	0.015350911746996947
324	270.952	214.80056598648912	0.20723756980391686
325	185.253	150.0947959868459	0.18978480247636526
326	319.652	215.4464970868626	0.3259967180344168
327	203.057	145.64142921737823	0.2827559295302391
328	199.782	194.8369868909258	0.024752045274720497
329	388.175	217.95579481731895	0.43851150945496503
330	396.437	205.49991892108272	0.4816328472844797
331	258.192	209.93365235285873	0.18690876420315608
332	225.972	158.04714755874573	0.30058968563031824
333	355.09	212.22120863283095	0.4023452965928892
334	211.513	202.60335328102613	0.04212340006984854
335	199.024	195.89512866235273	0.0157210755368562
336	277.858	214.80056598648912	0.2269412218237765
337	249.821	158.04714755874573	0.3673584384069164
338	366.371	215.4464970868626	0.4119444577030862
339	210.128	158.04714755874573	0.24785298694726193
340	235.054	221.10227918528327	0.0593553856335852
341	383.519	228.05668798275926	0.4053575234010329
342	357.746	224.5834933387059	0.3722264027027391
343	300.899	224.35494773491686	0.25438453522638205
344	250.571	158.04714755874573	0.36925203810997387
345	286.485	224.35494773491686	0.21687017562903171
346	445.618	224.5834933387059	0.4960179047105236
347	265.495	221.10227918528327	0.16720737043905437
348	333.885	228.63230005825625	0.3152363836103561
349	235.386	158.04714755874573	0.32856181948482177
350	402.022	230.2869630234183	0.4271782066070555
351	222.302	158.04714755874573	0.2890430695236852
352	349.66	221.65005848394736	0.36609832842204615
353	375.549	263.674296474008	0.29789642237362374
354	276.763	223.42585073385325	0.19271777392984873
355	262.401	221.10227918528327	0.15738781793787654
356	224.003	158.04714755874573	0.29444182640970995
357	321.616	221.65005848394736	0.31082390650979
358	248.236	221.10227918528327	0.10930614743516946
359	335.199	223.42585073385325	0.33345311073764167
360	380.774	263.674296474008	0.3075307230167817
361	244.528	158.04714755874573	0.3536644165136682
362	372.995	263.674296474008	0.2930889248541992
363	244.85	158.04714755874573	0.3545144065397356
364	176.69	196.46252388586305	0.1119051665960895
365	268.172	223.42585073385325	0.1668561567432348
