
Correlation coefficient                  0.7806
Mean absolute error                      0.0224
Root mean squared error                  0.0331
Relative absolute error                 67.2303 %
Root relative squared error             78.1257 %
Total Number of Instances              365     
Our method Error:0.21366449561447223

===========================
Result:
No	Actual	Predicted	Error
0	248.195	187.32642165822364	0.24524498213814283
1	236.02	266.7053651693095	0.13001171582624144
2	183.561	200.1869013755592	0.09057425801536917
3	372.042	174.67254531263833	0.5305031547173751
4	118.383	152.0551682804836	0.2844341525428787
5	262.817	171.6154435495431	0.34701543831052367
6	103.985	168.1301449733533	0.6168692116493082
7	226.437	190.80620103483162	0.15735413808330084
8	120.971	146.42641029741657	0.21042572432580173
9	166.653	168.1301449733533	0.008863596655045627
10	171.397	172.9103512941753	0.008829508650532522
11	144.128	171.42916813287644	0.18942306930559266
12	205.46	185.39149492679152	0.0976759713482356
13	160.29	167.21022269129938	0.04317314050345865
14	228.457	181.81239144933056	0.2041723762050164
15	158.676	144.89837432099173	0.08682866771917779
16	87.43	152.90204832708514	0.7488510617303572
17	362.279	266.7053651693095	0.263812240926718
18	139.922	168.1301449733533	0.20159906929112872
19	142.463	188.43913519158778	0.3227233400362746
20	161.87	147.07333896729676	0.09141076810220078
21	156.352	153.6181925703271	0.017484953372345142
22	166.309	192.39011443750718	0.1568232292750674
23	226.576	192.00374377127818	0.15258569411024034
24	85.612	145.50323383074817	0.6995658766381837
25	162.66	168.1301449733533	0.03362931866072368
26	176.524	188.43913519158778	0.06749866982159808
27	127.329	153.25263048202783	0.20359564971081084
28	162.12	183.80917109798526	0.13378467245241335
29	196.505	182.28643359142617	0.0723572754310263
30	185.729	176.0355230527395	0.05219150992715465
31	346.974	200.1869013755592	0.42304927350303134
32	88.813	152.90204832708514	0.7216178749404382
33	106.113	143.74977280584022	0.35468578596251377
34	360.524	187.30901888453832	0.4804533987070533
35	180.334	167.21022269129938	0.0727748361856368
36	227.185	181.81239144933056	0.1997165682182778
37	185.942	171.6154435495431	0.07704852292896121
38	215.194	191.46211217670572	0.11028136390091858
39	161.9	144.89837432099173	0.10501312958003872
40	345.079	218.3365034471644	0.3672854521800388
41	326.377	266.7053651693095	0.1828303919414986
42	164.006	168.1301449733533	0.025146305460491142
43	115.556	152.83793065910703	0.3226308513543826
44	121.598	169.4648218859016	0.3936481018265236
45	160.251	168.1301449733533	0.04916752452935274
46	290.035	176.0355230527395	0.3930542070690107
47	218.36	188.43913519158778	0.1370253929676325
48	327.009	266.7053651693095	0.1844097099183524
49	345.102	200.1869013755592	0.4199196139820714
50	138.251	171.42916813287644	0.23998501372775918
51	229.163	185.77551759494077	0.18933022523295315
52	125.58	176.38120620496443	0.4045326182908459
53	180.611	176.0355230527395	0.025333323813391675
54	264.844	176.0355230527395	0.335323726220947
55	88.731	145.50323383074817	0.6398241181858446
56	380.722	218.3365034471644	0.42651986634036276
57	383.393	266.7053651693095	0.3043551521042128
58	220.983	173.1367098677322	0.21651570542651605
59	101.635	146.53506047508898	0.441777541940168
60	116.433	168.87531088775225	0.450407624021989
61	129.957	168.87531088775225	0.2994706778992456
62	181.081	187.34754110266806	0.03460628725635529
63	151.033	266.7053651693095	0.7658747768322787
64	162.956	152.11646463396346	0.06651817279533451
65	151.211	170.99169195282548	0.13081516525137366
66	328.129	192.25220908690324	0.4140956480929658
67	192.96	199.0306231219974	0.03146052612975428
68	188.718	187.32642165822364	0.007373850622496805
69	346.88	200.1869013755592	0.42289292730754385
70	187.988	182.1269580557119	0.0311777450916447
71	120.383	174.67254531263833	0.4509735204525418
72	170.094	170.55872626593583	0.0027321731862137264
73	157.816	168.1301449733533	0.06535550877828172
74	95.537	165.60937371968274	0.7334579662296569
75	164.172	168.1301449733533	0.024109744495731996
76	214.101	144.89837432099173	0.32322420576741007
77	90.295	152.90204832708514	0.6933611864121506
78	431.294	266.7053651693095	0.3816158695244786
79	190.717	187.32642165822364	0.017778060381488676
80	159.171	185.10682610062648	0.16294316238904377
81	161.337	168.1301449733533	0.042105313557047185
82	104.44	165.60937371968274	0.58568913940715
83	295.096	213.96890383210504	0.27491764093005316
84	376.703	197.99580894460294	0.4743981095329664
85	367.678	197.99580894460294	0.46149672010671583
86	90.419	152.90204832708514	0.69103892242875
87	333.86	200.1869013755592	0.4003866849111628
88	244.018	187.34500920713583	0.23224922256908986
89	127.993	163.69449681192657	0.27893319800244215
90	187.113	169.5516489657481	0.09385425402966076
91	297.594	187.30901888453832	0.3705887252950721
92	234.514	187.32642165822364	0.20121433407718248
93	88.179	152.90204832708514	0.7339961705971392
94	159.709	168.1301449733533	0.05272805523391485
95	256.378	171.71426533778526	0.33023010813024023
96	134.781	167.21022269129938	0.24060678204865205
97	220.473	188.53025645923802	0.14488279082137945
98	234.467	187.4559588261835	0.200501738725776
99	224.606	188.9888684181341	0.1585760468636897
100	226.354	187.32642165822364	0.17241832855516745
101	339.14	266.7053651693095	0.21358328369018834
102	182.039	186.6200245351033	0.025165071963169017
103	142.738	169.87623552226526	0.19012621391826467
104	164.257	168.1301449733533	0.02357978639177207
105	224.438	181.95801716097506	0.1892726848351212
106	195.025	188.9888684181341	0.030950552913041416
107	79.599	107.66925418521453	0.3526458144601631
108	134.821	113.39329506259249	0.15893447561883914
109	159.14	136.97366059799612	0.13928829585273264
110	276.532	239.01939113120503	0.13565377196416675
111	68.133	105.94591164478814	0.5549867412969948
112	117.434	133.17798423296523	0.13406666070273712
113	95.357	143.51243302823423	0.50500155235834
114	180.616	147.7541833645827	0.18194299860154864
115	232.598	169.5623033660448	0.27100704491850836
116	498.009	270.04297863619	0.4577548224305384
117	109.367	142.11744306874186	0.2994545253023477
118	235.512	164.9208533469663	0.29973481883315367
119	110.534	143.51243302823423	0.2983555560120345
120	246.758	147.7541833645827	0.40121826500221797
121	340.121	169.5623033660448	0.5014647629342357
122	672.561	270.04297863619	0.598485522300297
123	130.986	142.11744306874186	0.0849819298913004
124	335.37	164.9208533469663	0.5082420808451373
125	119.131	117.3448178914616	0.014993428314531045
126	86.572	119.01462557418398	0.3747473267821464
127	82.541	115.6095429630593	0.4006317219691947
128	195.133	158.1103485637965	0.18973034512975004
129	174.788	156.78438580302773	0.10300257567437283
130	376.865	184.3459848447072	0.5108434456776109
131	108.847	117.3448178914616	0.07807121823717336
132	81.952	119.01462557418398	0.4522479692281333
133	98.726	115.6095429630593	0.1710141499003231
134	332.792	241.23138384201448	0.27512865741359616
135	336.916	241.23138384201448	0.28400140141158486
136	297.178	241.23138384201448	0.18825961598094582
137	129.297	129.76527141878262	0.0036216727285445192
138	148.372	129.76527141878262	0.12540592956364674
139	161.261	129.76527141878262	0.1953090243841808
140	174.107	158.1103485637965	0.09187827850806404
141	246.831	156.78438580302773	0.3648107984692857
142	404.318	184.3459848447072	0.5440569431865333
143	129.742	129.76527141878262	1.7936688799793056E-4
144	140.473	129.76527141878262	0.07622623978428164
145	158.764	129.76527141878262	0.1826530484317439
146	324.66	241.23138384201448	0.2569722668575911
147	367.789	241.23138384201448	0.34410386432978013
148	371.732	241.23138384201448	0.35106102288203744
149	80.459	121.9584515872056	0.5157838350862626
150	98.261	117.69760816983235	0.19780592676476277
151	125.001	153.43131314789406	0.22744068565766717
152	164.325	153.16511592448728	0.06791348897314899
153	304.242	162.12414199768094	0.4671211009733011
154	317.417	163.57286326238116	0.4846751646497158
155	83.997	119.25331550275541	0.41973303216490365
156	116.503	146.07173318586757	0.2538023328658281
157	127.702	143.96136989031297	0.12732275054668657
158	121.019	145.62484739868611	0.20332218410899203
159	121.655	143.25644791758975	0.17756317387357487
160	135.267	157.46593205705162	0.1641119567747612
161	128.3	129.76527141878262	0.011420665773831693
162	143.999	129.76527141878262	0.09884602380028595
163	134.508	156.5472116570516	0.1638505639594046
164	167.271	153.16511592448728	0.08432952559327503
165	336.17	162.12414199768094	0.5177316774320108
166	318.486	163.57286326238116	0.4864048552765862
167	136.041	129.76527141878262	0.046131155910478304
168	100.306	140.26174250773448	0.39833850923907327
169	101.624	137.79616447966845	0.35594116035255896
170	154.764	146.45205322425545	0.053707236668376096
171	143.998	145.42200542870086	0.009889063936310687
172	138.456	152.06782345092438	0.09831154627408269
173	131.219	129.76527141878262	0.011078643955657157
174	155.564	129.76527141878262	0.1658399667096332
175	236.174	173.85321808293264	0.2638765567635191
176	175.557	154.22078342133602	0.12153441092445169
177	361.936	166.87464703086147	0.5389387984868554
178	324.621	169.773799282644	0.47700919138735937
179	131.673	129.76527141878262	0.014488380922568668
180	202.108	154.2033435201225	0.2370250384936643
181	206.825	151.9670807392199	0.265238338019002
182	188.022	154.2033435201225	0.17986542255628327
183	189.278	151.9670807392199	0.19712232409883917
184	277.833	173.85321808293264	0.37425281344213024
185	130.377	129.76527141878262	0.004691997677637864
186	133.729	129.76527141878262	0.02964000763646924
187	184.23	151.48764387713607	0.17772543083571582
188	323.194	241.23138384201448	0.2536019114153899
189	343.104	241.23138384201448	0.2969146852207655
190	353.412	241.23138384201448	0.3174216386483354
191	137.588	129.76527141878262	0.05685618354229567
192	203.447	151.48764387713607	0.25539504697962584
193	207.949	154.2033435201225	0.25845595064115484
194	364.556	173.34429623730395	0.5245057104057979
195	294.496	173.34429623730395	0.4113865850901066
196	190.676	154.2033435201225	0.19128079296753386
197	110.512	152.38885382055798	0.3789349013732263
198	125.919	151.48764387713607	0.20305628123743097
199	123.208	115.02904694892047	0.06638329533049422
200	96.241	118.18408293589606	0.22800140206248956
201	88.19	119.01462557418398	0.3495251794328607
202	223.327	156.78438580302773	0.2979604534918405
203	192.674	155.81801897362365	0.19128673835793286
204	297.304	171.20016791754398	0.42415787235441166
205	124.01	115.02904694892047	0.07242120031513215
206	87.205	118.18408293589606	0.35524434305253205
207	86.797	119.01462557418398	0.37118363047321895
208	298.458	241.23138384201448	0.19174093560228087
209	293.258	241.23138384201448	0.1774090260384559
210	316.206	241.23138384201448	0.23710687386699028
211	129.832	129.76527141878262	5.139609743158536E-4
212	134.885	129.76527141878262	0.037956248517013555
213	134.988	129.76527141878262	0.03869031751872301
214	170.635	156.78438580302773	0.08117100358644042
215	172.37	155.81801897362365	0.09602588052663662
216	272.838	171.20016791754398	0.37252080752115185
217	125.583	129.76527141878262	0.03330284687244786
218	132.905	129.76527141878262	0.023623855996519193
219	132.864	129.76527141878262	0.023322559769519104
220	340.059	241.23138384201448	0.2906190283391574
221	322.631	241.23138384201448	0.25229942614933315
222	314.906	241.23138384201448	0.23395748622759022
223	104.295	121.58910477403653	0.16581911667900212
224	121.117	121.52136927403653	0.003338666529360254
225	144.214	143.754222909084	0.0031881585069132813
226	170.364	154.958736163935	0.09042558190735729
227	233.063	160.5762329866973	0.31101790937773344
228	219.803	160.7357085224116	0.26872832253239665
229	86.862	122.13660080196205	0.40609933920427865
230	121.516	137.8950658487161	0.13478937628555976
231	143.494	137.92909928425132	0.038781417451243104
232	120.235	138.66037848987472	0.15324471651245242
233	123.353	138.1809416277909	0.12020738553412488
234	120.762	144.43926695670302	0.19606554178220817
235	126.028	129.76527141878262	0.029654294432845174
236	141.172	129.76527141878262	0.08080021945723925
237	173.086	143.19621000908398	0.17268750789154538
238	181.34	154.958736163935	0.14547956234733106
239	250.952	160.5762329866973	0.36013168659067346
240	224.352	160.7357085224116	0.28355571368915095
241	139.39	129.76527141878262	0.06904891729117849
242	92.511	138.12830097011638	0.4931013714057398
243	110.323	137.97605898898496	0.2506554298648964
244	183.606	138.09478546306315	0.24787433165003786
245	169.872	137.61534860097936	0.189887982710633
246	163.77	143.15983905670302	0.1258482075062404
247	131.771	129.76527141878262	0.015221320178319729
248	135.283	129.76527141878262	0.04078656284394469
249	265.503	157.00437571858131	0.40865310102491753
250	173.644	156.93366025645193	0.09623332648146826
251	230.242	161.05877178725092	0.30048048667380006
252	197.657	161.05877178725092	0.18516029390686436
253	134.256	129.76527141878262	0.03344899729782939
254	200.592	151.9670807392199	0.2424070713726375
255	248.433	151.48764387713607	0.39022736964438676
256	238.677	151.9670807392199	0.3632939883641075
257	235.135	151.48764387713607	0.35574183393737185
258	205.036	157.00437571858131	0.23425946800278336
259	129.576	129.76527141878262	0.0014606981137141471
260	133.72	129.76527141878262	0.029574697735696837
261	171.134	151.61124109935832	0.11407878563372366
262	287.065	241.23138384201448	0.15966285042755304
263	282.126	241.23138384201448	0.14495160374437485
264	254.053	241.23138384201448	0.05046827299022455
265	130.356	129.76527141878262	0.00453165624303735
266	160.526	151.61124109935832	0.05553467289187849
267	174.334	151.48764387713607	0.13104934277228733
268	201.13	158.60061031309792	0.21145224326009088
269	210.957	158.60061031309792	0.2481851262906757
270	170.466	151.48764387713607	0.11133220772977569
271	131.705	141.8736655168472	0.07720789276676814
272	112.468	151.61124109935832	0.348038918620037
273	137.647	116.11366437213883	0.15643882996259392
274	80.424	119.01462557418398	0.4798396694293242
275	84.652	119.3684982692294	0.410108423536708
276	268.206	175.23219473946133	0.34665072839734634
277	135.668	116.11366437213883	0.14413373550034775
278	84.92	119.01462557418398	0.4014911160407911
279	92.666	119.3684982692294	0.2881585292257075
280	311.07	241.23138384201448	0.2245109337383403
281	124.91	129.76527141878262	0.038870157863923
282	135.754	129.76527141878262	0.044114564441691394
283	132.699	129.76527141878262	0.02210814385351355
284	123.151	129.76527141878262	0.05370862939629091
285	122.346	129.76527141878262	0.060641716270107844
286	136.166	129.76527141878262	0.04700680479133836
287	139.089	129.76527141878262	0.06703426281889568
288	325.239	241.23138384201448	0.25829502660500586
289	112.042	121.49599982237709	0.08437907054833978
290	124.538	121.49599982237709	0.024426280955394418
291	141.649	138.34805534400712	0.023303691914470834
292	124.494	140.01190753942427	0.12464783475046405
293	79.492	123.31954832489056	0.5513453973342042
294	150.607	145.81827795670307	0.03179614522098527
295	79.46	123.31954832489056	0.5519701525911223
296	129.184	129.76527141878262	0.004499562010640793
297	135.928	129.76527141878262	0.04533818331188114
298	242.167	142.63545202091743	0.4110037617804349
299	183.31	143.11488888300124	0.21927396823413212
300	143.124	143.39014817575065	0.0018595635655142245
301	132.976	143.3544347233697	0.07804742753105604
302	132.035	129.76527141878262	0.017190355445278745
303	126.185	129.76527141878262	0.028373193476107426
304	136.209	129.76527141878262	0.04730765647804026
305	186.392	151.48764387713607	0.1872631664602769
306	179.335	151.9670807392199	0.15260779692073548
307	217.916	154.89728700689273	0.2891880953812812
308	212.404	154.89728700689273	0.2707421375920758
309	124.418	129.76527141878262	0.042978278213623516
310	128.632	129.76527141878262	0.008810182682245574
311	144.361	129.76527141878262	0.10110575973578302
312	210.28	158.59859014195297	0.24577425270138403
313	222.127	158.59859014195297	0.28600039553069656
314	152.11	151.48764387713607	0.004091487232029112
315	167.774	151.48764387713607	0.09707318251257009
316	134.167	129.76527141878262	0.0328078333809162
317	150.208	149.12314734171832	0.007222336082510093
318	117.879	151.48764387713607	0.2851113758781128
319	141.071	116.11366437213883	0.17691329633915667
320	193.427	155.7968995291792	0.19454419740171122
321	180.488	156.78438580302773	0.13133069343652912
322	268.207	175.23219473946133	0.346653164386234
323	136.096	116.11366437213883	0.14682529705399994
324	316.58	241.23138384201448	0.2380081374628388
325	287.216	241.23138384201448	0.16010464653078355
326	336.042	241.23138384201448	0.2821391854529657
327	141.533	129.76527141878262	0.08314476893174998
328	196.958	155.7968995291792	0.2089841512953056
329	237.825	156.78438580302773	0.34075733920728374
330	165.305	155.7968995291792	0.057518529208558766
331	141.155	129.76527141878262	0.08068951564746119
332	318.405	241.23138384201448	0.24237564158221603
333	308.67	241.23138384201448	0.21848127825180785
334	310.331	241.23138384201448	0.22266423966018714
335	122.884	145.16171572429823	0.18129061329626503
336	138.204	145.12768228876305	0.05009755353508615
337	141.107	138.34805534400712	0.019552145931760134
338	117.281	140.01190753942427	0.19381577185924628
339	161.492	155.01054814156845	0.04013481694716482
340	184.85	169.0039721179591	0.08572371047898776
341	152.683	155.01054814156845	0.015244317583283384
342	84.802	137.97605898898496	0.6270377937900633
343	117.867	138.12830097011638	0.17189969177222106
344	248.714	142.63545202091743	0.4265081498391026
345	194.972	143.11488888300124	0.26597209402887984
346	177.672	169.2144076536734	0.04760228030486856
347	185.557	169.0039721179591	0.08920724026601465
348	156.448	155.01054814156845	0.009188048798524482
349	146.532	151.48764387713607	0.03381953346119656
350	184.305	151.9670807392199	0.17545871930105042
351	154.957	151.48764387713607	0.022389153912788246
352	168.76	151.9670807392199	0.09950769886691208
353	216.78	161.96093125542004	0.25287881144284513
354	225.376	163.09769198269277	0.276330700772519
355	154.095	155.7968995291792	0.011044482489238464
356	159.323	151.48764387713607	0.04917906468534952
357	161.372	151.48764387713607	0.061251989954043747
358	210.757	158.59859014195297	0.24748126922497016
359	150.776	158.59859014195297	0.051882197046963424
360	304.986	241.23138384201448	0.20904112371710673
361	271.435	241.23138384201448	0.11127384514887734
362	273.01	241.23138384201448	0.11640092362179229
363	147.826	149.12314734171832	0.00877482541446247
364	174.397	151.48764387713607	0.13136324663190266
