
Correlation coefficient                  0.4686
Mean absolute error                      0.0531
Root mean squared error                  0.0666
Relative absolute error                 91.746  %
Root relative squared error             90.3945 %
Total Number of Instances              240     
Our method Error:0.34270941591266363

===========================
Result:
No	Actual	Predicted	Error
0	743.905	532.515836627489	0.28416150364967435
1	323.441	267.5694510541309	0.1727410839870921
2	390.714	286.69355337426117	0.2662316851347503
3	566.746	489.47247442809265	0.13634595669295826
4	729.065	532.515836627489	0.2695907269893783
5	700.598	413.50650464166887	0.4097806379098015
6	465.549	406.32374180855027	0.1272159497527644
7	322.344	391.6434711807445	0.21498607444452042
8	355.534	267.70219348657366	0.2470419327361837
9	558.996	489.47247442809265	0.124372134276287
10	304.768	267.5694510541309	0.12205529762268037
11	262.917	404.4960949334255	0.5384934976948069
12	412.138	402.1282277977022	0.02428742848826793
13	533.467	504.0997809238061	0.0550497389270449
14	492.758	430.75602740786303	0.12582641497882724
15	759.183	453.4725851663503	0.40268343052156025
16	307.14	316.61354116608163	0.030844374441888537
17	312.24	267.5694510541309	0.14306478652917334
18	347.567	490.91126322317916	0.4124219595737776
19	334.241	486.48753477729184	0.45549927979299926
20	688.582	470.9531225222955	0.31605368347953405
21	297.069	327.49357902214217	0.10241586642208428
22	413.538	402.1282277977022	0.027590625776344135
23	342.163	490.91126322317916	0.43472924665489593
24	752.16	487.8897596661806	0.351348436946686
25	352.507	391.6434711807445	0.11102324544120962
26	346.303	267.5694510541309	0.2273545102002266
27	569.001	489.47247442809265	0.13976869209703907
28	281.258	316.61354116608163	0.12570501520341343
29	623.149	532.515836627489	0.1454438077771304
30	386.349	402.49388046880773	0.041788332489039036
31	339.334	430.75602740786303	0.2694160544120631
32	670.471	450.8454291825931	0.3275690832525298
33	542.311	532.515836627489	0.018061893217196534
34	535.292	308.28144738295435	0.42408732545422995
35	285.262	267.5694510541309	0.062022102298480264
36	380.882	482.5855543249765	0.2670211622627913
37	708.873	412.02883417931696	0.41875507435137616
38	659.091	458.4752096998571	0.30438253640262564
39	585.3	500.5163988724651	0.1448549481078675
40	588.971	465.52648000765885	0.20959354533982344
41	319.978	412.8655856404045	0.2902936628155826
42	246.825	500.7750273696439	1.0288667167817034
43	573.036	422.83309122168123	0.2621177531225241
44	264.366	339.4450096344097	0.28399646563631376
45	304.463	283.3739962789846	0.0692662284777311
46	298.098	371.20264023563294	0.245236936294886
47	295.134	445.6862997546271	0.510115065545234
48	413.446	417.90686411114547	0.010789472170840787
49	624.986	427.8449802216811	0.31543269733773055
50	575.86	502.17725225853286	0.12795253662603262
51	456.952	405.31394692106005	0.11300542087339578
52	332.799	272.22950832967877	0.18200022136581304
53	527.444	498.1557523443986	0.05552863935432267
54	883.712	540.7642852505048	0.38807633567213656
55	335.171	336.498314939863	0.003960112718173754
56	370.038	405.31394692106005	0.09533060637302125
57	292.243	332.3079644300307	0.13709469321773568
58	281.031	331.17831539972775	0.17844051154402094
59	308.961	283.3739962789846	0.08281628982627398
60	348.895	410.05062260787315	0.17528374613529335
61	589.899	446.3537064224166	0.24333876405551352
62	269.327	283.3739962789846	0.05215591559325496
63	470.13	498.1557523443986	0.059612771668258985
64	519.987	500.5163988724651	0.037444399816793206
65	396.294	410.6817814665689	0.036305827155013515
66	285.687	368.96637000403126	0.29150563380213745
67	317.471	404.38592590758225	0.2737728041540243
68	527.082	291.2373689478858	0.4474533963446185
69	662.394	495.60665935082636	0.2517947636137611
70	307.584	338.330561379257	0.09996151093443417
71	299.95	502.17725225853286	0.6742032080631201
72	591.093	404.38592590758225	0.31586751000674634
73	480.331	291.2373689478858	0.3936735939427483
74	178.23	275.9564143123899	0.5483163009167362
75	194.468	276.04112920514604	0.41946813462958454
76	325.227	341.63996835209224	0.05046619238898451
77	356.594	347.0549432698409	0.026750468965151056
78	190.469	327.0123712594468	0.7168797613230857
79	206.233	305.14560969981494	0.47961582142438375
80	247.041	282.98070849873375	0.14548074408188824
81	296.611	284.2230942102033	0.04176482257838267
82	508.27	346.98390271596327	0.317323661211633
83	570.101	360.48179517707945	0.36768783921256154
84	293.821	331.7971460135562	0.12924925724695022
85	391.0	311.3006013861588	0.20383477906353248
86	325.118	298.67324813714174	0.08133893498009416
87	485.934	299.9156338486113	0.3828058257940146
88	675.621	362.4603628392088	0.46351525065205373
89	826.203	380.310418798407	0.5396888914729104
90	476.07	344.83966789057706	0.2756534377495388
91	563.348	325.3611066481932	0.4224509421384416
92	178.037	309.6854439797378	0.7394442951731257
93	308.427	487.61493469206846	0.580973568111963
94	469.558	527.4220301167677	0.1232308471302112
95	253.009	318.1122226386622	0.2573158371388458
96	198.566	431.0895403954212	1.171013871435297
97	441.897	481.5181052142032	0.08966140348136155
98	192.394	309.6854439797378	0.609641901409284
99	373.574	302.7467314564063	0.1895936776745537
100	383.061	302.7467314564063	0.20966443606525775
101	228.89	318.1122226386622	0.38980393481000586
102	215.175	431.0895403954212	1.0034369252720863
103	403.696	302.7467314564063	0.25006259299966743
104	256.366	258.9219505116617	0.0099699278050198
105	307.627	487.61493469206846	0.5850849720345368
106	509.495	527.4220301167677	0.035185880365396514
107	201.491	258.9219505116617	0.2850298549893627
108	171.303	258.9219505116617	0.5114852075659019
109	431.829	481.5181052142032	0.11506662409009864
110	201.867	258.9219505116617	0.28263634230291085
111	438.285	302.7467314564063	0.30924687941315293
112	412.965	302.7467314564063	0.26689493914398
113	186.181	258.9219505116617	0.3907001816064028
114	183.564	258.9219505116617	0.41052684900994585
115	446.487	302.7467314564063	0.3219360665452605
116	230.503	400.33163749286814	0.7367740875080505
117	295.196	401.1640668306403	0.358975280256644
118	441.845	413.60367798572213	0.0639168079626971
119	175.285	317.6771654441156	0.8123465524381185
120	257.844	405.84218430884613	0.5739834330403117
121	390.174	491.4646304858055	0.25960374214018755
122	526.299	412.29576212331926	0.21661306192236868
123	204.212	327.98874001628457	0.6061188373664848
124	204.098	325.91932307689063	0.5968766135723556
125	270.228	410.387285402514	0.5186704760517563
126	262.139	505.7186231864324	0.9292002456194324
127	341.356	416.17900630676957	0.2191934704729654
128	227.223	406.33848302822173	0.7882806011197006
129	355.536	504.31639829754346	0.418467885945568
130	494.191	413.60367798572213	0.16306918178250485
131	271.945	258.9219505116617	0.04788854175784921
132	261.354	490.0624055969166	0.8750905117079388
133	477.414	403.811030464747	0.15417011133995445
134	514.554	412.29576212331926	0.19873179078712966
135	205.871	258.9219505116617	0.2576902551192819
136	205.279	258.9219505116617	0.26131728287677597
137	233.313	406.7470694665524	0.7433536471030435
138	453.945	409.59714733451773	0.09769433007408886
139	331.552	416.17900630676957	0.255245048459275
140	293.038	267.3080535305298	0.08780412939437969
141	382.316	276.0847247794061	0.2778624886758438
142	642.779	508.84076138300105	0.2083737001628848
143	191.412	258.9219505116617	0.35269445234186825
144	325.371	287.6540293753984	0.11591989029323933
145	268.61	287.6540293753984	0.07089843779233236
146	469.541	507.1615379670859	0.08012194455241589
147	169.192	258.9219505116617	0.5303439318151075
148	197.878	258.9219505116617	0.30849286182224256
149	238.613	267.3080535305298	0.12025771240682517
150	422.401	276.0847247794061	0.34639187696192464
151	395.771	489.65640007063735	0.23722152474698077
152	375.073	276.0847247794061	0.2639173580092246
153	257.377	267.11802210195833	0.03784729055804645
154	343.722	302.7467314564063	0.11921049145412194
155	251.328	258.9219505116617	0.030215298381643465
156	288.478	267.11802210195833	0.07404369795284797
157	366.272	276.0847247794061	0.24623032942893233
158	446.992	302.7467314564063	0.3227021256389236
159	200.667	258.9219505116617	0.2903065801136295
160	171.893	258.9219505116617	0.5062972343938479
161	316.017	276.42925133757586	0.12527094638080905
162	349.009	276.42925133757586	0.20795953302758424
163	386.31	302.7467314564063	0.21631143005253223
164	245.825	402.8327749323439	0.6386973453975142
165	204.007	267.11802210195833	0.30935714020576904
166	182.168	309.6854439797378	0.6999991435363937
167	306.09	489.975581220135	0.6007565788497992
168	346.567	489.975581220135	0.4137975664738275
169	157.293	432.1283316454212	1.7472826613099197
170	177.976	431.0895403954212	1.4221779363252416
171	494.646	481.5181052142032	0.026539979673942168
172	189.572	309.6854439797378	0.6336032957384939
173	457.705	302.7467314564063	0.33855489571578573
174	342.16	302.7467314564063	0.11518958540914702
175	170.281	432.1283316454212	1.537736633243998
176	192.446	431.0895403954212	1.2400545628146138
177	343.495	302.7467314564063	0.11862841829893804
178	205.428	258.9219505116617	0.2604024305920405
179	341.183	489.975581220135	0.4361078401331104
180	322.048	489.975581220135	0.521436497727466
181	187.865	258.9219505116617	0.37823410700056787
182	206.115	258.9219505116617	0.25620139490896676
183	516.869	481.5181052142032	0.06839430259078569
184	190.66	258.9219505116617	0.3580297414856902
185	431.574	302.7467314564063	0.2985056294948114
186	484.537	302.7467314564063	0.375183460795757
187	208.898	258.9219505116617	0.2394659140425552
188	204.568	258.9219505116617	0.26570113855374095
189	380.049	302.7467314564063	0.2034007944859576
190	247.124	400.9627963515639	0.6225166165631987
191	251.589	398.94338469680184	0.5856948622427922
192	440.257	417.4255888067695	0.05185928035949572
193	180.401	421.6939391759829	1.3375365944533726
194	216.06	490.0624055969166	1.2681773840457125
195	284.983	491.4646304858055	0.7245401672584172
196	301.403	500.5680445506812	0.6607931724325277
197	202.021	337.2605609489454	0.6694331824362092
198	223.087	329.50580297914627	0.4770282579403833
199	266.331	481.4709616987139	0.8077916641273973
200	232.391	481.4709616987139	1.0718141481327328
201	310.12	416.17900630676957	0.34199344223774525
202	183.499	481.4709616987139	1.623834253585654
203	269.053	481.4709616987139	0.7895022976837794
204	402.099	417.4255888067695	0.03811645591451236
205	197.458	258.9219505116617	0.3112760714261346
206	204.598	490.0624055969166	1.3952453376715148
207	279.104	491.4646304858055	0.7608655930613877
208	303.801	500.5680445506812	0.6476839923195815
209	173.661	258.9219505116617	0.49096199210911884
210	232.308	258.9219505116617	0.11456321139031674
211	236.973	406.7470694665524	0.7164279030376978
212	213.823	405.9742403117904	0.8986462649564846
213	338.248	416.17900630676957	0.23039605942021704
214	217.539	267.11802210195833	0.22790866052504768
215	258.72	267.56396543529166	0.03418353987048406
216	349.138	489.65640007063735	0.40247237502259103
217	184.954	258.9219505116617	0.39992620063184187
218	273.74	287.6540293753984	0.0508293613479886
219	291.984	287.6540293753984	0.014829479096805208
220	338.599	487.61493469206846	0.44009561366710614
221	210.725	258.9219505116617	0.22871966075055972
222	178.769	258.9219505116617	0.44836045685584014
223	285.28	267.11802210195833	0.06366369145415607
224	284.952	267.56396543529166	0.06102092480385586
225	425.269	487.2957535425708	0.14585298609249867
226	249.792	267.11802210195833	0.06936179742328949
227	296.483	267.11802210195833	0.09904439005960433
228	353.865	302.7467314564063	0.14445697806675914
229	190.604	258.9219505116617	0.35842873450537066
230	256.664	267.11802210195833	0.04073037941416928
231	255.04	267.11802210195833	0.047357363950589475
232	383.532	302.7467314564063	0.2106350149233798
233	207.78	258.9219505116617	0.24613509727433674
234	183.955	258.9219505116617	0.40752874622414
235	348.597	276.42925133757586	0.20702343583686642
236	361.255	276.42925133757586	0.23480851105846046
237	365.421	302.7467314564063	0.1715124980326629
238	285.541	403.46393379103955	0.4129807410881084
239	243.273	267.11802210195833	0.0980175444951077
