
Correlation coefficient                  0.8018
Mean absolute error                      0.0165
Root mean squared error                  0.0247
Relative absolute error                 55.1627 %
Root relative squared error             66.5334 %
Total Number of Instances              513     
Our method Error:0.16223533631059395

===========================
Result:
No	Actual	Predicted	Error
0	113.532	123.52908367692778	0.08805520625839224
1	113.824	123.52908367692778	0.08526394852515977
2	244.411	206.2579087374026	0.1561021855096432
3	156.794	124.62723371863835	0.20515304336493526
4	322.445	160.61585660596	0.5018813856441874
5	354.684	183.02282594047566	0.4839834163918428
6	239.772	166.91665940056717	0.3038525791144622
7	335.54	193.8792847233089	0.422187266128304
8	150.938	164.06980973702525	0.08700134980604796
9	136.928	125.73283765697497	0.08175948193959623
10	181.972	270.70753577272444	0.4876329093087092
11	176.47	147.7323432299837	0.16284726452097403
12	251.257	160.32143866702478	0.3619224990068942
13	153.427	157.63713438931802	0.027440635542101643
14	116.421	147.7323432299837	0.2689492722960952
15	245.248	192.43317861219776	0.2153527098602322
16	186.569	179.1465797689778	0.03978378096587422
17	160.645	128.2215436907444	0.2018329628015538
18	297.127	184.5863498129295	0.37876278556667853
19	330.522	184.2312437904604	0.4426052008929499
20	113.928	121.8175245676578	0.06925009275733622
21	182.581	164.28246333528818	0.1002214724681747
22	135.426	158.5336142099339	0.17062908311501412
23	156.553	199.5789031023248	0.27483282404249554
24	160.443	199.5789031023248	0.24392402973220886
25	136.115	125.73283765697497	0.07627493180784663
26	118.162	124.73613350318725	0.055636613320587336
27	195.411	183.30260460257142	0.061963734884057604
28	158.063	163.3126133521459	0.03321215814039909
29	124.723	126.08586070694712	0.010927100109419411
30	196.753	165.06854607746993	0.16103670044436455
31	212.622	188.7736737345857	0.11216302294877435
32	160.191	147.7323432299837	0.0777737623837562
33	330.137	206.2579087374026	0.37523540609685496
34	353.491	270.70753577272444	0.23418832226923897
35	160.996	147.7323432299837	0.08238500813694934
36	206.354	181.4883993731491	0.12049972681339309
37	126.896	132.47352559137948	0.043953517773448206
38	205.708	182.69518161275653	0.11187128544948893
39	182.79	163.09189361887508	0.107763588714508
40	229.189	186.35308354223164	0.1869021482609041
41	166.949	128.2215436907444	0.23197177766417057
42	108.011	123.99364121715766	0.14797234741977822
43	107.985	124.73613350318725	0.15512463308040236
44	110.87	117.6204775833228	0.06088642178517895
45	233.228	192.43317861219776	0.17491390994135456
46	164.686	163.3126133521459	0.008339425621207139
47	119.484	131.0917805104271	0.09714924601140827
48	156.495	158.5336142099339	0.013026705070027046
49	111.576	123.52908367692778	0.10712952316741764
50	225.498	125.73283765697497	0.4424214952816656
51	361.31	206.2579087374026	0.42913866558522434
52	142.559	156.3038255673028	0.09641499707000468
53	145.773	158.02409316124783	0.08404226544866222
54	227.403	166.8746204487154	0.26617230006325593
55	158.825	147.7323432299837	0.06984200705188905
56	132.32	185.31056439700922	0.40047282645865495
57	398.042	293.4616247547352	0.2627370359039115
58	122.284	167.54045827660724	0.370093047958909
59	258.621	197.5895613474696	0.23598794627091524
60	136.946	180.22575658256497	0.3160352006087434
61	203.965	184.76306673283733	0.09414327589126896
62	294.277	201.0110124224573	0.3169326436573116
63	114.325	128.8510173879866	0.12705897562201254
64	318.211	240.5918918998522	0.24392339705462043
65	202.725	188.3758465169544	0.0707813712321894
66	282.411	209.15591948685267	0.25939173939098453
67	158.667	184.27839448932775	0.16141601271422382
68	224.764	190.22014292864117	0.1536894568140754
69	110.132	189.54659711748255	0.7210855801899769
70	367.856	205.26166621235694	0.44200538740062156
71	164.296	167.54045827660724	0.019747640092316596
72	149.793	128.95922632791513	0.1390837600694617
73	184.221	201.14265845293923	0.09185520897693111
74	353.543	293.4616247547352	0.16994078583160968
75	359.609	220.97364638256204	0.38551691870180654
76	199.456	213.21712453801112	0.06899328442368809
77	193.654	179.79766884760102	0.07155200074565451
78	299.898	209.15591948685267	0.30257647771291357
79	187.036	197.66796391586527	0.05684447868787437
80	216.666	132.8188921235893	0.3869878424691031
81	160.364	167.54045827660724	0.04475105557735673
82	187.933	204.67199971262053	0.08906897518062576
83	255.822	206.5206778576097	0.19271728835827368
84	205.221	203.1567421684672	0.01005870662131465
85	118.61	129.33348193603217	0.09040959392995677
86	339.373	220.97364638256204	0.3488767627873695
87	205.061	188.0474365271905	0.0829683044206821
88	225.985	197.90315514515345	0.12426419830894335
89	154.146	136.04528468788112	0.11742578667055173
90	180.681	177.81128667846497	0.015882762003392968
91	179.295	202.92971116605628	0.1318202468895189
92	146.666	128.95922632791513	0.12072855107581079
93	358.318	293.4616247547352	0.18100228078205605
94	107.201	130.77363736923252	0.21989195407908999
95	297.967	206.77150238158956	0.3060590522387057
96	158.825	188.3758465169544	0.1860591627070953
97	292.15	205.26166621235694	0.2974100078303715
98	156.841	167.54045827660724	0.06821850330339153
99	160.151	167.54045827660724	0.04614056906673844
100	155.036	128.95922632791513	0.1681981841126246
101	233.589	209.1919935144318	0.1044441582675905
102	124.026	132.9764010206068	0.07216552191158955
103	193.345	201.0110124224573	0.03964939575606972
104	211.87	188.3758465169544	0.11088947695778358
105	290.738	209.15591948685267	0.2806034316571873
106	159.169	167.54045827660724	0.05259477835889669
107	80.495	100.54478827874738	0.24908116378343215
108	117.759	103.31568223130404	0.12265149813344171
109	144.339	158.79999038548948	0.10018768583327778
110	245.077	253.74831011641163	0.0353819824643342
111	88.033	140.13504564533474	0.5918467579809247
112	129.928	143.32137866108812	0.10308308186909766
113	117.748	107.06180198851524	0.0907548154659507
114	177.743	114.55523092668813	0.3555007458707902
115	195.593	181.41431567140899	0.07249075543905459
116	411.395	277.9824640107663	0.3242930419407958
117	128.997	161.52107405158267	0.25213046855029697
118	198.567	165.72605289970318	0.16538975308231896
119	138.599	113.80043329437606	0.17892312863457838
120	236.728	122.18891629723126	0.4838425691205466
121	265.827	199.36941081836386	0.2500031568713341
122	568.284	308.71514700521834	0.45675903772547116
123	166.461	181.66425374733558	0.09133222645145449
124	285.144	189.6007092383132	0.3350703180206731
125	133.495	116.60273216991393	0.12653858069655094
126	135.887	120.54766782284037	0.1128829996773763
127	89.144	108.56465928861445	0.2178571669278296
128	283.302	195.36369353078018	0.31040482054210644
129	133.204	116.60273216991393	0.12463040021385298
130	139.265	120.54766782284037	0.13440083421649102
131	86.693	108.56465928861445	0.2522886425503149
132	244.599	259.99828493872576	0.06295726858542255
133	112.906	136.44600556398905	0.20849206919020283
134	169.637	136.44600556398905	0.19565893311017615
135	133.365	136.44600556398905	0.023102054991857218
136	275.934	195.36369353078018	0.29199122423920154
137	116.513	136.44600556398905	0.17107966977066114
138	154.155	136.44600556398905	0.11487784655710781
139	125.181	136.44600556398905	0.08998973936930564
140	248.975	259.99828493872576	0.04427466588503169
141	102.582	121.34015755266121	0.1828601270462773
142	130.108	113.34289963091197	0.12885526154493215
143	166.051	140.91458618242905	0.15137767202588928
144	158.587	175.07809767523588	0.10398770186229574
145	188.634	153.04793981451064	0.1886513575786409
146	131.248	155.43529176932338	0.18428693594815462
147	102.89	113.8388297447741	0.10641296282218002
148	114.69	136.44600556398905	0.18969400613819035
149	125.661	136.44600556398905	0.08582619558963438
150	228.231	144.46875932232862	0.3670064131413847
151	250.705	176.43295155769837	0.29625276098323383
152	150.633	153.47595073279342	0.018873359309005407
153	164.097	156.65179163166147	0.04537077684746547
154	125.592	136.44600556398905	0.08642274638503288
155	120.181	136.44600556398905	0.13533757885180728
156	173.062	136.44600556398905	0.2115773216304617
157	158.914	158.2579136451514	0.00412856233465008
158	200.451	188.1340526806336	0.06144617547114453
159	238.647	174.05742144546068	0.27064902787187484
160	276.527	174.05742144546068	0.3705590360237493
161	124.301	136.44600556398905	0.09770641880587481
162	113.231	136.44600556398905	0.20502340846578282
163	123.587	136.44600556398905	0.1040482054260484
164	213.877	171.24545513072195	0.19932739317120615
165	178.317	171.24545513072195	0.03965715478209064
166	150.56	160.30072027040455	0.06469660115837242
167	202.063	184.0706609518485	0.08904321448336153
168	121.98	136.44600556398905	0.11859325761591279
169	165.769	155.8591014460658	0.05978137380290765
170	147.484	184.0706609518485	0.24807206850809918
171	133.196	116.60273216991393	0.12457782388424625
172	168.712	171.31048829598228	0.015401917445008611
173	401.42	217.724041706489	0.45761536120151214
174	284.683	195.36369353078018	0.31375005346023405
175	133.505	116.60273216991393	0.12660400606783312
176	321.904	259.99828493872576	0.19231110847107907
177	286.717	259.99828493872576	0.09318845782173442
178	246.885	259.99828493872576	0.05311495205754003
179	126.923	136.44600556398905	0.07502978627978416
180	157.531	171.31048829598228	0.08747159794568862
181	394.309	217.724041706489	0.4478339533044161
182	283.964	195.36369353078018	0.31201246097822194
183	128.466	136.44600556398905	0.062117646412194964
184	285.984	259.99828493872576	0.09086422688428102
185	317.543	259.99828493872576	0.18121865404456797
186	224.192	259.99828493872576	0.15971258982803022
187	130.232	146.85555942913928	0.12764573552690028
188	156.474	178.65867951454453	0.14177869495599615
189	153.205	140.91458618242905	0.08022201506198208
190	156.643	175.07809767523588	0.11768861471777149
191	182.91	186.04143016266246	0.01712005993473549
192	267.704	188.34908262882792	0.2964278358603984
193	206.643	184.63077563572438	0.1065229616501678
194	121.125	141.22368156602107	0.16593338754196962
195	115.122	174.60185818984627	0.5166680407727999
196	215.723	144.46875932232862	0.3303043285957982
197	216.477	176.43295155769837	0.18498061430221976
198	184.129	186.04143016266246	0.010386360446548204
199	253.147	188.34908262882792	0.2559695251026956
200	266.8	184.63077563572438	0.30798060106550085
201	141.906	158.2579136451514	0.11523060085656278
202	230.382	188.1340526806336	0.18338215363772517
203	142.806	158.2579136451514	0.10820213187927252
204	177.94	188.1340526806336	0.05728926986980782
205	252.115	184.8518815203264	0.2667953849619166
206	304.702	201.3890253916129	0.33906234487593484
207	281.123	197.5630437177624	0.2972362854773092
208	202.134	184.0706609518485	0.08936319000342088
209	147.65	160.30072027040455	0.08568046237998339
210	198.605	171.24545513072195	0.13775859051523395
211	175.888	171.24545513072195	0.02639489259800586
212	225.201	259.99828493872576	0.15451656492966626
213	218.867	259.99828493872576	0.18792821639957497
214	221.984	259.99828493872576	0.17124785993011096
215	171.891	155.8591014460658	0.09326781829144158
216	142.356	160.30072027040455	0.12605524368768833
217	123.667	120.54766782284037	0.025223642339182114
218	86.624	119.14872816265415	0.37547017180751474
219	88.42	108.56465928861445	0.22782921611190282
220	182.897	171.31048829598228	0.06334992757682034
221	177.72	174.57058466704416	0.017721220644586092
222	316.392	217.724041706489	0.3118535180836146
223	93.82	120.54766782284037	0.2848824112432357
224	98.413	119.14872816265415	0.2107011082138961
225	95.611	108.56465928861445	0.13548293908247425
226	333.18	259.99828493872576	0.2196461824277395
227	252.879	259.99828493872576	0.028152930606043878
228	300.002	259.99828493872576	0.13334482790539479
229	118.506	136.44600556398905	0.15138478696428068
230	126.422	136.44600556398905	0.07929004100543458
231	137.452	136.44600556398905	0.007318878124806851
232	210.763	171.31048829598228	0.18718898337951975
233	191.719	174.57058466704416	0.08944557051182113
234	235.773	217.724041706489	0.0765522697404325
235	119.504	136.44600556398905	0.14176935972008503
236	128.942	136.44600556398905	0.05819675174876331
237	168.104	136.44600556398905	0.18832386163333986
238	285.424	259.99828493872576	0.08908050851110705
239	326.411	259.99828493872576	0.20346347108790525
240	312.808	259.99828493872576	0.16882469457710236
241	95.307	114.63962558372151	0.20284580968576818
242	100.705	113.8388297447741	0.13041884459335787
243	131.108	175.28677164348989	0.3369647286472975
244	173.543	172.0475428336742	0.008617213983426542
245	281.117	184.63077563572438	0.34322443809615083
246	245.419	185.62281538572435	0.24364936950389193
247	84.244	111.52974788934344	0.32388951010568634
248	155.208	139.25204756602108	0.10280367271003378
249	145.808	141.72660122699654	0.027991596983728308
250	122.076	140.4866999981109	0.1508134276853019
251	154.92	143.0707248460442	0.07648641333563001
252	182.089	170.82359262352145	0.06186758879711871
253	119.968	136.44600556398905	0.1373533405907329
254	130.839	136.44600556398905	0.042854237375622314
255	171.289	171.70845157590242	0.002448794586356558
256	156.498	172.0475428336742	0.09935937094195596
257	320.79	184.63077563572438	0.42444971590222774
258	276.442	185.62281538572435	0.3285288943585839
259	114.495	136.44600556398905	0.19172021104842168
260	105.667	139.7028997224217	0.32210529041632396
261	112.597	142.22577413258438	0.2631399960263984
262	147.105	141.22368156602107	0.03998041150184507
263	139.979	143.4501605603299	0.024797723660905404
264	126.92	174.60185818984627	0.37568435384373045
265	122.418	136.44600556398905	0.11459103697159764
266	157.612	136.44600556398905	0.13429176989068692
267	185.558	188.1340526806336	0.013882735751805953
268	174.451	172.40894515856564	0.01170560696948914
269	323.202	197.5630437177624	0.3887319889178829
270	382.674	198.16963936916656	0.48214501280681055
271	135.45	136.44600556398905	0.00735330796595835
272	160.721	158.2579136451514	0.015325230398321309
273	141.245	164.49865613058367	0.1646334817556987
274	158.96	158.2579136451514	0.004416748583597152
275	161.878	164.49865613058367	0.016189081472366123
276	232.339	188.1340526806336	0.1902605559951898
277	119.411	136.44600556398905	0.1426585956401759
278	126.726	136.44600556398905	0.07670095768815435
279	177.907	162.1488430411528	0.08857524975884716
280	267.075	259.99828493872576	0.026497107783484897
281	290.613	259.99828493872576	0.10534530479116296
282	311.106	259.99828493872576	0.16427749725583637
283	130.051	136.44600556398905	0.04917305952271847
284	164.013	162.1488430411528	0.011365909768416027
285	166.358	160.30072027040455	0.03641111175654582
286	228.163	184.0706609518485	0.19324929567086468
287	299.684	184.0706609518485	0.385784156138304
288	167.608	160.30072027040455	0.04359744003624797
289	136.267	163.46051673849942	0.1995605446549746
290	121.867	162.1488430411528	0.3305393834356535
291	127.583	121.55387743472286	0.04725647276892011
292	180.479	182.756733344037	0.012620489608414212
293	184.947	172.26052351552462	0.0685952001626162
294	94.871	118.49833407070011	0.2490469592467679
295	103.535	117.2793771969344	0.13275102329583627
296	302.32	194.41569651821897	0.3569208239011016
297	133.937	121.55387743472286	0.09245482999676824
298	267.715	259.99828493872576	0.02882436569215104
299	271.482	259.99828493872576	0.04230009746971905
300	100.593	118.49833407070011	0.17799781367192655
301	89.094	117.2793771969344	0.31635550314201194
302	252.983	259.99828493872576	0.027730262265550476
303	126.61	136.44600556398905	0.07768743040825407
304	178.813	182.756733344037	0.022055070627062988
305	158.477	172.26052351552462	0.08697491443884363
306	124.781	136.44600556398905	0.09348382817888172
307	122.114	136.44600556398905	0.1173657857738592
308	281.23	194.41569651821897	0.30869503069295967
309	125.647	136.44600556398905	0.08594718189840618
310	278.839	259.99828493872576	0.06756843576857699
311	262.713	259.99828493872576	0.010333386856662068
312	125.537	136.44600556398905	0.08689872757823622
313	121.829	136.44600556398905	0.11997968926929593
314	249.361	259.99828493872576	0.04265817404776918
315	125.619	149.78822031083627	0.19240099277049066
316	139.854	144.98033950147433	0.03665493658725756
317	196.069	186.52963627076824	0.04865309523296264
318	93.808	121.86001200448464	0.29903645749280056
319	130.348	154.48251260708912	0.1851544527502463
320	179.232	154.9912682737558	0.1352477890457296
321	166.412	171.51918028381027	0.030689975986168457
322	121.422	116.24251486777243	0.042656891932496326
323	123.124	122.60533053979103	0.004212578053092563
324	119.805	145.35870429475023	0.21329413876507838
325	109.272	140.97013466206107	0.290084693810501
326	194.568	186.23565272910156	0.04282485953958746
327	103.564	144.20941682702437	0.3924666566280211
328	107.247	138.8675628610019	0.2948386701819341
329	186.868	186.52963627076824	0.0018107098552548255
330	119.721	136.44600556398905	0.13969984851437128
331	130.107	155.36132811433552	0.19410429964825507
332	150.982	155.36037827375583	0.0289993394825597
333	159.548	171.51918028381027	0.0750318417266921
334	121.682	136.44600556398905	0.12133269969255145
335	150.341	136.44600556398905	0.0924231875270948
336	188.234	150.33393929652368	0.20134545673723306
337	161.518	146.63966507446332	0.09211564609230351
338	188.081	186.23565272910156	0.00981144969932332
339	211.489	172.40941844319616	0.18478304572249074
340	199.671	161.14140868419236	0.19296538463676566
341	228.088	188.28692779211875	0.17449875577795082
342	143.301	136.44600556398905	0.04783633356369419
343	230.941	174.41015634396499	0.24478478769917433
344	238.285	174.41015634396499	0.2680606989782614
345	149.759	173.30359542003958	0.15721656407988568
346	124.059	136.44600556398905	0.09984769798232333
347	126.686	136.44600556398905	0.07704091662842807
348	142.966	172.40941844319616	0.20594699749028544
349	131.231	161.14140868419236	0.2279218224671942
350	194.963	189.31415498259494	0.02897393360486375
351	145.268	162.1488430411528	0.11620482860060569
352	155.764	162.5163794218072	0.0433500643396881
353	256.383	259.99828493872576	0.01410111020904576
354	117.593	136.44600556398905	0.16032421627128352
355	154.074	162.5163794218072	0.05479431585995803
356	160.62	162.1488430411528	0.009518385264305707
357	250.427	259.99828493872576	0.038219860233624045
358	122.073	136.44600556398905	0.11774106939281458
359	121.315	136.44600556398905	0.12472493561380744
360	209.277	172.45272337640114	0.17595950163467008
361	220.129	172.45272337640114	0.21658335168741444
362	248.454	259.99828493872576	0.0464644760749505
363	189.944	159.1679399041248	0.1620270189944151
364	205.905	162.5163794218072	0.21072154915224406
365	91.278	118.01471151123499	0.2929151768359844
366	110.106	120.54766782284037	0.09483286853432486
367	98.137	118.49833407070011	0.20747866829738132
368	193.041	172.26052351552462	0.10764799438707515
369	325.711	217.724041706489	0.3315422515466503
370	315.034	187.56385460220525	0.40462345460424826
371	87.748	118.01471151123499	0.34492765090070415
372	123.015	120.54766782284037	0.020057165200663606
373	100.518	118.49833407070011	0.17887675909488956
374	266.126	259.99828493872576	0.0230256159160481
375	269.454	259.99828493872576	0.035092130980702636
376	302.974	259.99828493872576	0.1418462147289016
377	118.63	136.44600556398905	0.15018128267713945
378	124.53	136.44600556398905	0.09568783075555325
379	123.512	136.44600556398905	0.10471861490372633
380	200.159	172.26052351552462	0.13938157407099042
381	397.617	217.724041706489	0.4524277339588373
382	226.123	187.56385460220525	0.17052288090019477
383	116.855	136.44600556398905	0.16765226617593634
384	125.788	136.44600556398905	0.08472990717706817
385	145.422	136.44600556398905	0.0617237724416591
386	271.891	259.99828493872576	0.04374074559758969
387	261.076	259.99828493872576	0.004127974464425154
388	305.423	259.99828493872576	0.14872722441097835
389	92.082	120.22327110327862	0.305610989154
390	110.539	115.55068117993383	0.0453385789624823
391	186.692	149.12438609574028	0.20122776500471218
392	250.431	185.62281538572435	0.2587865903752956
393	161.32	181.28844618581832	0.12378159053941436
394	334.424	182.85881136031702	0.45321265411478534
395	106.469	115.76618008444841	0.08732288351020874
396	151.745	141.55024597337416	0.06718345926802098
397	146.238	176.8204184447303	0.20912771266517804
398	131.86	140.07834501040318	0.06232629311696624
399	146.972	171.9045892901881	0.1696417636705502
400	149.043	148.1660630762072	0.00588378470503688
401	118.393	136.44600556398905	0.15248372424036089
402	123.1	136.44600556398905	0.10841596721355852
403	228.118	150.0923872521103	0.34204057877015265
404	238.874	185.62281538572435	0.22292582957657864
405	237.788	181.28844618581832	0.237604731164658
406	374.37	182.85881136031702	0.5115559169796805
407	128.808	136.44600556398905	0.059297602353806086
408	138.655	140.90479055308612	0.01622581625679647
409	130.812	172.00211962352148	0.3148802833342619
410	139.298	142.67956565946028	0.024275766051632317
411	137.316	177.14307784341264	0.29003960094535697
412	114.303	149.00336386767012	0.30358226702422614
413	114.7	136.44600556398905	0.1895902839057458
414	130.711	136.44600556398905	0.043875462386402324
415	164.914	170.82273413456448	0.03582918451171215
416	312.923	198.16963936916656	0.366714369448182
417	255.116	187.9115472711129	0.2634270399696103
418	347.215	202.89167625787897	0.415659818101525
419	125.201	136.44600556398905	0.08981562099335512
420	185.113	161.14140868419236	0.1294970710636619
421	223.623	188.1340526806336	0.15869989812929078
422	176.536	161.14140868419236	0.08720369395368449
423	228.148	188.1340526806336	0.1753859219426267
424	193.823	170.82273413456448	0.11866633921379569
425	119.088	136.44600556398905	0.14575780568981805
426	127.229	136.44600556398905	0.07244421919522316
427	258.672	184.0706609518485	0.28840129216981936
428	261.957	259.99828493872576	0.007477238864677155
429	287.525	259.99828493872576	0.09573677092869913
430	280.276	259.99828493872576	0.07234909539623174
431	127.516	136.44600556398905	0.07003047118784342
432	240.912	184.0706609518485	0.23594233183964058
433	159.664	162.1488430411528	0.015562951204734944
434	220.001	173.34265773708125	0.2120824099114038
435	243.743	173.34265773708125	0.28883021158728145
436	161.848	162.1488430411528	0.001858799868721109
437	115.706	153.935724405008	0.3304039929217844
438	154.768	184.0706609518485	0.18933281396573265
439	92.997	118.01471151123499	0.2690163286045248
440	83.966	117.2793771969344	0.39674841241614955
441	97.806	119.14872816265415	0.2182149169034022
442	215.493	174.57058466704416	0.18990136725070345
443	203.204	182.756733344037	0.10062433148935555
444	204.434	187.56385460220525	0.08252123129124678
445	87.67	118.01471151123499	0.3461242330470513
446	99.597	117.2793771969344	0.17753925516766983
447	78.51	119.14872816265415	0.5176248651465309
448	263.341	259.99828493872576	0.012693485105905454
449	289.321	259.99828493872576	0.10135010960585047
450	299.768	259.99828493872576	0.1326683137001755
451	115.211	136.44600556398905	0.18431404608925406
452	159.451	136.44600556398905	0.1442762631530122
453	115.727	136.44600556398905	0.17903346292558386
454	167.299	174.57058466704416	0.04346460329735475
455	163.915	182.756733344037	0.11494819475970479
456	243.214	187.56385460220525	0.2288114392995253
457	118.947	136.44600556398905	0.14711598917155577
458	144.863	136.44600556398905	0.05810313493446189
459	113.049	136.44600556398905	0.20696340139221964
460	307.049	259.99828493872576	0.1532352004444705
461	264.656	259.99828493872576	0.01759912891177319
462	258.07	259.99828493872576	0.007471945358723474
463	87.776	121.14532997393313	0.38016462329034284
464	108.104	113.8709308458736	0.05334613747755497
465	98.378	148.12549820100344	0.5056770639879185
466	169.753	172.5718499888721	0.016605597479114376
467	196.798	181.28844618581832	0.07880950931504226
468	235.263	180.9944626441516	0.23067179010659727
469	84.519	111.89537720197505	0.3239079639131443
470	116.31	142.8928720858811	0.22855190513181234
471	115.778	146.9627983654429	0.2693499487419275
472	126.862	141.69228270432626	0.11690090574266736
473	112.106	143.76577829131008	0.28240931164531863
474	135.21	148.12549820100344	0.09552176762815938
475	114.514	136.44600556398905	0.1915224825260584
476	122.236	136.44600556398905	0.11625057727665371
477	121.112	149.0043137082498	0.23030181739422861
478	158.496	172.5718499888721	0.08880886576867604
479	196.413	181.28844618581832	0.07700383281239885
480	247.528	180.9944626441516	0.268791964367055
481	119.607	136.44600556398905	0.14078612091256404
482	107.175	141.1826369067072	0.317309418303776
483	104.06	144.17397849369104	0.385488934208063
484	134.176	144.5741846645152	0.0774966064312188
485	134.081	147.33930151412528	0.0988827761884629
486	123.245	149.0043137082498	0.20900899596940894
487	115.314	136.44600556398905	0.18325620101626044
488	139.007	136.44600556398905	0.018423492601170863
489	191.984	170.82273413456448	0.11022411172512045
490	161.618	173.50171352501852	0.07352964103638532
491	171.749	187.9115472711129	0.09410562664768303
492	154.7	189.19518303301768	0.2229811443633982
493	118.691	136.44600556398905	0.14959015901786188
494	161.303	164.49865613058367	0.01981151082486793
495	176.349	172.40941844319616	0.02233968753326546
496	174.724	164.49865613058367	0.058522835268287825
497	174.712	172.40941844319616	0.013179298255436546
498	158.092	170.82273413456448	0.08052737731551546
499	126.322	136.44600556398905	0.08014443694676339
500	121.814	136.44600556398905	0.12011760195042487
501	148.755	162.5163794218072	0.09251036551246809
502	229.357	259.99828493872576	0.13359646724855034
503	279.08	259.99828493872576	0.0683736386028172
504	231.037	259.99828493872576	0.1253534496151082
505	122.52	136.44600556398905	0.11366312082916301
506	145.574	162.5163794218072	0.11638327875724493
507	145.309	162.1488430411528	0.11588988322232477
508	183.095	173.34265773708125	0.05326383714966954
509	166.489	173.34265773708125	0.04116582919641087
510	171.411	162.1488430411528	0.054034787492326715
511	101.288	152.7329805102711	0.5079079506977243
512	118.103	162.5163794218072	0.3760563188217674
