
Correlation coefficient                  0.8039
Mean absolute error                      0.1247
Root mean squared error                  0.1805
Relative absolute error                 57.4893 %
Root relative squared error             67.952  %
Total Number of Instances              131     
Our method Error:0.1824901043995599

===========================
Result:
No	Actual	Predicted	Error
0	57.024	71.73461685086504	0.25797237743520335
1	183.586	165.25266715444815	0.09986236883832027
2	88.901	76.91134347035666	0.13486526056673537
3	354.122	165.09167833410183	0.5337999945383178
4	79.02	71.50498968419836	0.09510263624147852
5	178.578	161.3271719743505	0.0966010820238187
6	200.744	165.25266715444815	0.17679897205172684
7	367.061	165.09167833410183	0.5502336714221837
8	171.357	161.3271719743505	0.05853176716241235
9	60.323	71.73461685086504	0.1891752209085264
10	159.898	76.91134347035666	0.5189974641936944
11	71.163	71.50498968419836	0.004805723257849826
12	195.17	162.1724733052418	0.16907069065306243
13	71.32	75.14854723217817	0.05368125676077091
14	275.671	162.0394773115133	0.4121997696111912
15	238.467	159.99499791757393	0.3290686010325373
16	218.309	162.20515602196951	0.2569928128388224
17	240.964	162.8570055671466	0.32414383241004224
18	252.292	161.28333624008474	0.36072750527133346
19	222.21	160.31741625090726	0.2785319461279544
20	55.997	72.8577993126255	0.30110183246648037
21	272.267	180.2547025999383	0.3379487686721553
22	59.808	75.36363639595884	0.2600929038917676
23	173.03	161.62151185530286	0.06593358460785496
24	283.651	163.23278247190848	0.4245295011408087
25	86.794	75.14854723217817	0.13417347705857344
26	252.966	161.78647124008472	0.36044183313139033
27	144.715	157.11345732233585	0.08567499790855021
28	288.359	163.7564158052418	0.4321092256345673
29	253.161	159.90774814484666	0.3683555202229148
30	152.355	158.50991375090723	0.040398501860176836
31	63.766	72.8577993126255	0.14258067485220186
32	57.05	75.36363639595884	0.3210102786320568
33	233.506	188.07382547819793	0.1945653410267919
34	156.517	74.84626049416619	0.5218010791532792
35	259.676	192.59764099767844	0.2583155894357644
36	172.539	189.38918428772172	0.09766014806925816
37	242.351	189.38918428772172	0.21853351425114104
38	222.696	192.59764099767844	0.13515446618853305
39	242.627	188.07382547819793	0.22484379117658823
40	107.411	71.21970468419838	0.3369421690124999
41	145.961	72.36152949372217	0.5042406567937863
42	248.43	192.07493956910704	0.22684482723863045
43	193.595	189.38918428772172	0.021724815786969085
44	247.015	188.07382547819793	0.23861374621703968
45	241.712	192.07493956910704	0.20535621082483677
46	244.674	188.07382547819793	0.23132892960348084
47	193.869	189.38918428772172	0.023107437043974444
48	199.099	171.89091271277874	0.13665607204064936
49	292.098	189.38918428772172	0.3516245085973827
50	116.198	97.85785697031181	0.15783527280751974
51	59.213	71.21970468419838	0.20277142999338615
52	165.583	159.74275685530284	0.03527078954178361
53	237.643	223.69527467407943	0.058691925812755154
54	173.655	159.74275685530284	0.08011426762659962
55	226.732	223.69527467407943	0.013393457147295357
56	108.461	97.85785697031181	0.09775996007494107
57	67.655	71.21970468419838	0.05268944917889846
58	83.37	71.21970468419838	0.1457394184455035
59	87.692	73.16558401753171	0.16565269331829904
60	156.03	201.4387226182186	0.2910255887856092
61	66.513	72.99008137611757	0.09738068311634668
62	159.842	160.92998215444817	0.006806609992668734
63	156.084	160.0559312997473	0.025447395631501606
64	212.144	192.33191409923757	0.09338980079927993
65	146.634	160.0559312997473	0.09153355497188452
66	79.966	73.16558401753171	0.08504134235135283
67	151.203	201.4387226182186	0.3322402506446208
68	49.608	72.99008137611757	0.4713369088880337
69	139.202	157.4619406556692	0.13117584988483785
70	177.73	175.75713302682573	0.011100359945840674
71	118.219	82.36942101947096	0.30324718514391963
72	263.767	246.57954638202838	0.06516150093822053
73	96.782	71.21970468419838	0.26412241238868406
74	226.384	189.38918428772172	0.1634162118889951
75	245.397	189.38918428772172	0.2282334980145571
76	175.726	187.44510262105507	0.06668963398162521
77	181.77	187.44510262105507	0.031221338070391486
78	197.309	246.18299865475566	0.24770283491759457
79	180.251	177.189435777131	0.016985005480518883
80	260.287	187.44510262105507	0.2798522299574889
81	142.057	97.85785697031181	0.31113667773983805
82	60.891	71.21970468419838	0.16962613003889537
83	197.552	165.25266715444815	0.16349787825763265
84	55.428	71.50498968419836	0.2900517731868075
85	196.461	159.07605685530285	0.19029193145050244
86	227.359	223.69527467407943	0.01611427445546726
87	184.693	165.25266715444815	0.10525755088472148
88	199.431	159.07605685530285	0.20235040261893666
89	231.993	223.69527467407943	0.03576713662015909
90	118.923	97.85785697031181	0.1771326238800584
91	66.23	71.21970468419838	0.07533904098140377
92	56.243	71.50498968419836	0.2713580300517106
93	79.061	75.41715937284306	0.04608897720945785
94	207.181	202.64492904679005	0.021894242006795784
95	215.18	193.35730386114236	0.10141600585025398
96	176.322	159.96678963308065	0.09275762733475885
97	186.992	174.541067749048	0.06658537397830912
98	212.491	192.98474909923758	0.09179800980165012
99	184.087	160.4468693949854	0.1284182511802277
100	89.011	73.58016259506529	0.173358769196332
101	203.746	202.0915576182186	0.008120122023408666
102	58.737	72.9875943126255	0.24261699291120592
103	191.011	177.39028743371566	0.07130852446343058
104	195.389	172.25795714465238	0.11838457055078652
105	64.935	75.41715937284306	0.16142541576719885
106	230.527	202.0915576182186	0.12334972641721534
107	205.332	175.75713302682573	0.1440343783393444
108	179.747	158.7772760219695	0.11666244208821573
109	196.243	174.3671644553972	0.11147320181918748
110	82.216	73.58016259506529	0.10503840377705928
111	167.379	202.64492904679005	0.21069506357900372
112	60.156	72.9875943126255	0.21330531140078304
113	154.915	158.16328517947866	0.020968177255131337
114	108.13	82.36942101947096	0.23823711255460125
115	247.335	246.57954638202838	0.0030543740997902645
116	247.42	189.38918428772172	0.23454375439446395
117	244.07	189.38918428772172	0.2240374307054463
118	249.372	187.09847404962653	0.2497214039682622
119	124.974	82.36942101947096	0.34090754061267975
120	242.162	246.57954638202838	0.01824211223077269
121	97.404	71.50498968419836	0.2658926770543472
122	242.516	187.09847404962653	0.22851080320627695
123	181.241	186.9297740496265	0.03138789815564076
124	184.664	246.18299865475566	0.33314018246521077
125	191.088	186.9297740496265	0.021760790580117494
126	174.603	246.18299865475566	0.4099585840721846
127	174.002	189.38918428772172	0.08843107715843328
128	173.968	189.38918428772172	0.08864379821416428
129	205.182	191.98835761690236	0.06430214338049939
130	256.755	186.9297740496265	0.2719527407465229
