1.000000 1.000000 1.000000 -0.000000
0.999283 0.998087 1.000000 0.002005
0.998565 0.996174 1.000000 0.004009
0.997848 0.994261 1.000000 0.006014
0.997131 0.992348 1.000000 0.008019
0.996413 0.990435 1.000000 0.010023
0.995696 0.988522 1.000000 0.012028
0.994978 0.986609 1.000000 0.014033
0.994261 0.984696 1.000000 0.016037
0.993544 0.982783 1.000000 0.018042
0.992826 0.980870 1.000000 0.020047
0.992109 0.978957 1.000000 0.022051
0.991392 0.977045 1.000000 0.024056
0.990674 0.975132 1.000000 0.026061
0.989957 0.973219 1.000000 0.028065
0.989240 0.971306 1.000000 0.030070
0.988522 0.969393 1.000000 0.032075
0.987805 0.967480 1.000000 0.034080
0.987088 0.965567 1.000000 0.036084
0.986370 0.963654 1.000000 0.038089
0.985653 0.961741 1.000000 0.040094
0.984935 0.959828 1.000000 0.042098
0.984218 0.957915 1.000000 0.044103
0.983501 0.956002 1.000000 0.046108
0.982783 0.954089 1.000000 0.048112
0.982066 0.952176 1.000000 0.050117
0.981349 0.950263 1.000000 0.052122
0.980631 0.948350 1.000000 0.054126
0.979914 0.946437 1.000000 0.056131
0.979197 0.944524 1.000000 0.058136
0.978479 0.942611 1.000000 0.060140
0.977762 0.940698 1.000000 0.062145
0.977044 0.938785 1.000000 0.064150
0.976327 0.936872 1.000000 0.066154
0.975610 0.934959 1.000000 0.068159
0.974892 0.933047 1.000000 0.070164
0.974175 0.931134 1.000000 0.072168
0.973458 0.929221 1.000000 0.074173
0.972740 0.927308 1.000000 0.076178
0.972023 0.925395 1.000000 0.078182
0.971306 0.923482 1.000000 0.080187
0.970588 0.921569 1.000000 0.082192
0.969871 0.919656 1.000000 0.084196
0.969154 0.917743 1.000000 0.086201
0.968436 0.915830 1.000000 0.088206
0.967719 0.913917 1.000000 0.090210
0.967001 0.912004 1.000000 0.092215
0.966284 0.910091 1.000000 0.094220
0.965567 0.908178 1.000000 0.096224
0.964849 0.906265 1.000000 0.098229
0.964132 0.904352 1.000000 0.100234
0.963415 0.902439 1.000000 0.102239
0.962697 0.900526 1.000000 0.104243
0.961980 0.898613 1.000000 0.106248
0.961263 0.896700 1.000000 0.108253
0.960545 0.894787 1.000000 0.110257
0.959828 0.892874 1.000000 0.112262
0.959110 0.890961 1.000000 0.114267
0.958393 0.889048 1.000000 0.116271
0.957676 0.887136 1.000000 0.118276
0.956958 0.885223 1.000000 0.120281
0.956241 0.883310 1.000000 0.122285
0.955524 0.881397 1.000000 0.124290
0.954806 0.879484 1.000000 0.126295
0.954089 0.877571 1.000000 0.128299
0.953372 0.875658 1.000000 0.130304
0.952654 0.873745 1.000000 0.132309
0.951937 0.871832 1.000000 0.134313
0.951220 0.869919 1.000000 0.136318
0.950502 0.868006 1.000000 0.138323
0.949785 0.866093 1.000000 0.140327
0.949067 0.864180 1.000000 0.142332
0.948350 0.862267 1.000000 0.144337
0.947633 0.860354 1.000000 0.146341
0.946915 0.858441 1.000000 0.148346
0.946198 0.856528 1.000000 0.150351
0.945481 0.854615 1.000000 0.152355
0.944763 0.852702 1.000000 0.154360
0.944046 0.850789 1.000000 0.156365
0.943329 0.848876 1.000000 0.158369
0.942611 0.846963 1.000000 0.160374
0.941894 0.845050 1.000000 0.162379
0.941177 0.843138 1.000000 0.164383
0.940459 0.841225 1.000000 0.166388
0.939742 0.839312 1.000000 0.168393
0.939024 0.837399 1.000000 0.170398
0.938307 0.835486 1.000000 0.172402
0.937590 0.833573 1.000000 0.174407
0.936872 0.831660 1.000000 0.176412
0.936155 0.829747 1.000000 0.178416
0.935438 0.827834 1.000000 0.180421
0.934720 0.825921 1.000000 0.182426
0.934003 0.824008 1.000000 0.184430
0.933286 0.822095 1.000000 0.186435
0.932568 0.820182 1.000000 0.188440
0.931851 0.818269 1.000000 0.190444
0.931133 0.816356 1.000000 0.192449
0.930416 0.814443 1.000000 0.194454
0.929699 0.812530 1.000000 0.196458
0.928981 0.810617 1.000000 0.198463
0.928264 0.808704 1.000000 0.200468
0.927547 0.806791 1.000000 0.202472
0.926829 0.804878 1.000000 0.204477
0.926112 0.802965 1.000000 0.206482
0.925395 0.801052 1.000000 0.208486
0.924677 0.799139 1.000000 0.210491
0.923960 0.797227 1.000000 0.212496
0.923243 0.795314 1.000000 0.214500
0.922525 0.793401 1.000000 0.216505
0.921808 0.791488 1.000000 0.218510
0.921090 0.789575 1.000000 0.220514
0.920373 0.787662 1.000000 0.222519
0.919656 0.785749 1.000000 0.224524
0.918938 0.783836 1.000000 0.226528
0.918221 0.781923 1.000000 0.228533
0.917504 0.780010 1.000000 0.230538
0.916786 0.778097 1.000000 0.232542
0.916069 0.776184 1.000000 0.234547
0.915352 0.774271 1.000000 0.236552
0.914634 0.772358 1.000000 0.238557
0.913917 0.770445 1.000000 0.240561
0.913199 0.768532 1.000000 0.242566
0.912482 0.766619 1.000000 0.244571
0.911765 0.764706 1.000000 0.246575
0.911047 0.762793 1.000000 0.248580
0.910330 0.760880 1.000000 0.250585
0.909613 0.758967 1.000000 0.252589
0.908895 0.757054 1.000000 0.254594
0.908178 0.755141 1.000000 0.256599
0.907461 0.753229 1.000000 0.258603
0.906743 0.751316 1.000000 0.260608
0.906026 0.749403 1.000000 0.262613
0.905308 0.747490 1.000000 0.264617
0.904591 0.745577 1.000000 0.266622
0.903874 0.743664 1.000000 0.268627
0.903156 0.741751 1.000000 0.270631
0.902439 0.739838 1.000000 0.272636
0.901722 0.737925 1.000000 0.274641
0.901004 0.736012 1.000000 0.276645
0.900287 0.734099 1.000000 0.278650
0.899570 0.732186 1.000000 0.280655
0.898852 0.730273 1.000000 0.282659
0.898135 0.728360 1.000000 0.284664
0.897418 0.726447 1.000000 0.286669
0.896700 0.724534 1.000000 0.288673
0.895983 0.722621 1.000000 0.290678
0.895265 0.720708 1.000000 0.292683
0.894548 0.718795 1.000000 0.294687
0.893831 0.716882 1.000000 0.296692
0.893113 0.714969 1.000000 0.298697
0.892396 0.713056 1.000000 0.300701
0.891679 0.711143 1.000000 0.302706
0.890961 0.709230 1.000000 0.304711
0.890244 0.707318 1.000000 0.306716
0.889527 0.705405 1.000000 0.308720
0.888809 0.703492 1.000000 0.310725
0.888092 0.701579 1.000000 0.312730
0.887375 0.699666 1.000000 0.314734
0.886657 0.697753 1.000000 0.316739
0.885940 0.695840 1.000000 0.318744
0.885222 0.693927 1.000000 0.320748
0.884505 0.692014 1.000000 0.322753
0.883788 0.690101 1.000000 0.324758
0.883070 0.688188 1.000000 0.326762
0.882353 0.686275 1.000000 0.328767
0.872657 0.678734 1.000000 0.325154
0.862961 0.671192 1.000000 0.321541
0.853264 0.663651 1.000000 0.317929
0.843568 0.656109 1.000000 0.314316
0.833872 0.648568 1.000000 0.310703
0.824176 0.641026 1.000000 0.307090
0.814480 0.633485 1.000000 0.303477
0.804784 0.625943 1.000000 0.299864
0.795087 0.618402 1.000000 0.296252
0.785391 0.610860 1.000000 0.292639
0.775695 0.603319 1.000000 0.289026
0.765999 0.595777 1.000000 0.285413
0.756303 0.588236 1.000000 0.281800
0.746606 0.580694 1.000000 0.278187
0.736910 0.573153 1.000000 0.274575
0.727214 0.565611 1.000000 0.270962
0.717518 0.558070 1.000000 0.267349
0.707822 0.550528 1.000000 0.263736
0.698125 0.542987 1.000000 0.260123
0.688429 0.535445 1.000000 0.256511
0.678733 0.527904 1.000000 0.252898
0.669037 0.520362 1.000000 0.249285
0.659341 0.512821 1.000000 0.245672
0.649644 0.505279 1.000000 0.242059
0.639948 0.497738 1.000000 0.238446
0.630252 0.490196 1.000000 0.234834
0.620556 0.482655 1.000000 0.231221
0.610860 0.475113 1.000000 0.227608
0.601164 0.467572 1.000000 0.223995
0.591467 0.460030 1.000000 0.220382
0.581771 0.452489 1.000000 0.216769
0.572075 0.444948 1.000000 0.213157
0.562379 0.437406 1.000000 0.209544
0.552683 0.429865 1.000000 0.205931
0.542987 0.422323 1.000000 0.202318
0.533290 0.414782 1.000000 0.198705
0.523594 0.407240 1.000000 0.195092
0.513898 0.399699 1.000000 0.191480
0.504202 0.392157 1.000000 0.187867
0.494506 0.384616 1.000000 0.184254
0.484809 0.377074 1.000000 0.180641
0.475113 0.369533 1.000000 0.177028
0.465417 0.361991 1.000000 0.173416
0.455721 0.354450 1.000000 0.169803
0.446025 0.346908 1.000000 0.166190
0.436328 0.339367 1.000000 0.162577
0.426632 0.331825 1.000000 0.158964
0.416936 0.324284 1.000000 0.155351
0.407240 0.316742 1.000000 0.151739
0.397544 0.309201 1.000000 0.148126
0.387847 0.301659 1.000000 0.144513
0.378151 0.294118 1.000000 0.140900
0.368455 0.286576 1.000000 0.137287
0.358759 0.279035 1.000000 0.133674
0.349063 0.271493 1.000000 0.130062
0.339367 0.263952 1.000000 0.126449
0.329670 0.256410 1.000000 0.122836
0.319974 0.248869 1.000000 0.119223
0.310278 0.241327 1.000000 0.115610
0.300582 0.233786 1.000000 0.111998
0.290886 0.226245 1.000000 0.108385
0.281189 0.218703 1.000000 0.104772
0.271493 0.211162 1.000000 0.101159
0.261797 0.203620 1.000000 0.097546
0.252101 0.196079 1.000000 0.093933
0.242405 0.188537 1.000000 0.090321
0.232709 0.180996 1.000000 0.086708
0.223012 0.173454 1.000000 0.083095
0.213316 0.165913 1.000000 0.079482
0.203620 0.158371 1.000000 0.075869
0.193924 0.150830 1.000000 0.072256
0.184228 0.143288 1.000000 0.068644
0.174531 0.135747 1.000000 0.065031
0.164835 0.128205 1.000000 0.061418
0.155139 0.120664 1.000000 0.057805
0.145443 0.113122 1.000000 0.054192
0.135747 0.105581 1.000000 0.050580
0.126050 0.098039 1.000000 0.046967
0.116354 0.090498 1.000000 0.043354
0.106658 0.082956 1.000000 0.039741
0.096962 0.075415 1.000000 0.036128
0.087266 0.067873 1.000000 0.032515
0.077570 0.060332 1.000000 0.028903
0.067873 0.052790 1.000000 0.025290
0.058177 0.045249 1.000000 0.021677
0.048481 0.037707 1.000000 0.018064
0.038785 0.030166 1.000000 0.014451
0.029089 0.022624 1.000000 0.010838
0.019392 0.015083 1.000000 0.007226
0.009696 0.007541 1.000000 0.003613
0.000000 0.000000 1.000000 0.000000
