0.850980 0.988235 1.000000 -0.000000
0.849225 0.988347 1.000000 0.001468
0.847470 0.988459 1.000000 0.002935
0.845714 0.988571 1.000000 0.004403
0.843959 0.988683 1.000000 0.005871
0.842204 0.988796 1.000000 0.007339
0.840448 0.988908 1.000000 0.008806
0.838693 0.989020 1.000000 0.010274
0.836937 0.989132 1.000000 0.011742
0.835182 0.989244 1.000000 0.013209
0.833427 0.989356 1.000000 0.014677
0.831671 0.989468 1.000000 0.016145
0.829916 0.989580 1.000000 0.017613
0.828161 0.989692 1.000000 0.019080
0.826405 0.989804 1.000000 0.020548
0.824650 0.989916 1.000000 0.022016
0.822895 0.990028 1.000000 0.023483
0.821139 0.990140 1.000000 0.024951
0.819384 0.990252 1.000000 0.026419
0.817628 0.990364 1.000000 0.027886
0.815873 0.990476 1.000000 0.029354
0.814118 0.990588 1.000000 0.030822
0.812362 0.990700 1.000000 0.032290
0.810607 0.990812 1.000000 0.033757
0.808852 0.990924 1.000000 0.035225
0.807096 0.991036 1.000000 0.036693
0.805341 0.991148 1.000000 0.038160
0.803586 0.991261 1.000000 0.039628
0.801830 0.991373 1.000000 0.041096
0.800075 0.991485 1.000000 0.042564
0.798319 0.991597 1.000000 0.044031
0.796564 0.991709 1.000000 0.045499
0.794809 0.991821 1.000000 0.046967
0.793053 0.991933 1.000000 0.048434
0.791298 0.992045 1.000000 0.049902
0.789543 0.992157 1.000000 0.051370
0.787787 0.992269 1.000000 0.052838
0.786032 0.992381 1.000000 0.054305
0.784276 0.992493 1.000000 0.055773
0.782521 0.992605 1.000000 0.057241
0.780766 0.992717 1.000000 0.058708
0.779010 0.992829 1.000000 0.060176
0.777255 0.992941 1.000000 0.061644
0.775500 0.993053 1.000000 0.063112
0.773744 0.993165 1.000000 0.064579
0.771989 0.993277 1.000000 0.066047
0.770234 0.993389 1.000000 0.067515
0.768478 0.993501 1.000000 0.068982
0.766723 0.993613 1.000000 0.070450
0.764967 0.993725 1.000000 0.071918
0.763212 0.993838 1.000000 0.073386
0.761457 0.993950 1.000000 0.074853
0.759701 0.994062 1.000000 0.076321
0.757946 0.994174 1.000000 0.077789
0.756191 0.994286 1.000000 0.079256
0.754435 0.994398 1.000000 0.080724
0.752680 0.994510 1.000000 0.082192
0.750925 0.994622 1.000000 0.083659
0.749169 0.994734 1.000000 0.085127
0.747414 0.994846 1.000000 0.086595
0.745658 0.994958 1.000000 0.088063
0.743903 0.995070 1.000000 0.089530
0.742148 0.995182 1.000000 0.090998
0.740392 0.995294 1.000000 0.092466
0.738637 0.995406 1.000000 0.093933
0.736882 0.995518 1.000000 0.095401
0.735126 0.995630 1.000000 0.096869
0.733371 0.995742 1.000000 0.098337
0.731616 0.995854 1.000000 0.099804
0.729860 0.995966 1.000000 0.101272
0.728105 0.996078 1.000000 0.102740
0.726349 0.996190 1.000000 0.104207
0.724594 0.996303 1.000000 0.105675
0.722839 0.996415 1.000000 0.107143
0.721083 0.996527 1.000000 0.108611
0.719328 0.996639 1.000000 0.110078
0.717573 0.996751 1.000000 0.111546
0.715817 0.996863 1.000000 0.113014
0.714062 0.996975 1.000000 0.114481
0.712306 0.997087 1.000000 0.115949
0.710551 0.997199 1.000000 0.117417
0.708796 0.997311 1.000000 0.118885
0.707040 0.997423 1.000000 0.120352
0.705285 0.997535 1.000000 0.121820
0.703530 0.997647 1.000000 0.123288
0.701774 0.997759 1.000000 0.124755
0.700019 0.997871 1.000000 0.126223
0.698264 0.997983 1.000000 0.127691
0.696508 0.998095 1.000000 0.129159
0.694753 0.998207 1.000000 0.130626
0.692997 0.998319 1.000000 0.132094
0.691242 0.998431 1.000000 0.133562
0.689487 0.998543 1.000000 0.135029
0.687731 0.998655 1.000000 0.136497
0.685976 0.998767 1.000000 0.137965
0.684221 0.998880 1.000000 0.139432
0.682465 0.998992 1.000000 0.140900
0.680710 0.999104 1.000000 0.142368
0.678955 0.999216 1.000000 0.143836
0.677199 0.999328 1.000000 0.145303
0.675444 0.999440 1.000000 0.146771
0.673688 0.999552 1.000000 0.148239
0.671933 0.999664 1.000000 0.149706
0.670178 0.999776 1.000000 0.151174
0.668422 0.999888 1.000000 0.152642
0.666667 1.000000 1.000000 0.154110
0.662223 0.993333 1.000000 0.153196
0.657778 0.986667 1.000000 0.152283
0.653334 0.980000 1.000000 0.151370
0.648889 0.973333 1.000000 0.150457
0.644445 0.966667 1.000000 0.149543
0.640000 0.960000 1.000000 0.148630
0.635556 0.953333 1.000000 0.147717
0.631111 0.946667 1.000000 0.146804
0.626667 0.940000 1.000000 0.145890
0.622223 0.933333 1.000000 0.144977
0.617778 0.926667 1.000000 0.144064
0.613334 0.920000 1.000000 0.143151
0.608889 0.913333 1.000000 0.142237
0.604445 0.906667 1.000000 0.141324
0.600000 0.900000 1.000000 0.140411
0.595556 0.893333 1.000000 0.139498
0.591111 0.886667 1.000000 0.138584
0.586667 0.880000 1.000000 0.137671
0.582223 0.873333 1.000000 0.136758
0.577778 0.866667 1.000000 0.135845
0.573334 0.860000 1.000000 0.134931
0.568889 0.853333 1.000000 0.134018
0.564445 0.846667 1.000000 0.133105
0.560000 0.840000 1.000000 0.132192
0.555556 0.833333 1.000000 0.131278
0.551111 0.826667 1.000000 0.130365
0.546667 0.820000 1.000000 0.129452
0.542222 0.813333 1.000000 0.128539
0.537778 0.806667 1.000000 0.127626
0.533334 0.800000 1.000000 0.126712
0.528889 0.793333 1.000000 0.125799
0.524445 0.786667 1.000000 0.124886
0.520000 0.780000 1.000000 0.123973
0.515556 0.773333 1.000000 0.123059
0.511111 0.766667 1.000000 0.122146
0.506667 0.760000 1.000000 0.121233
0.502222 0.753333 1.000000 0.120320
0.497778 0.746667 1.000000 0.119406
0.493334 0.740000 1.000000 0.118493
0.488889 0.733333 1.000000 0.117580
0.484445 0.726667 1.000000 0.116667
0.480000 0.720000 1.000000 0.115753
0.475556 0.713333 1.000000 0.114840
0.471111 0.706667 1.000000 0.113927
0.466667 0.700000 1.000000 0.113014
0.462222 0.693333 1.000000 0.112100
0.457778 0.686667 1.000000 0.111187
0.453334 0.680000 1.000000 0.110274
0.448889 0.673333 1.000000 0.109361
0.444445 0.666667 1.000000 0.108447
0.440000 0.660000 1.000000 0.107534
0.435556 0.653333 1.000000 0.106621
0.431111 0.646667 1.000000 0.105708
0.426667 0.640000 1.000000 0.104794
0.422222 0.633333 1.000000 0.103881
0.417778 0.626667 1.000000 0.102968
0.413334 0.620000 1.000000 0.102055
0.408889 0.613333 1.000000 0.101141
0.404445 0.606667 1.000000 0.100228
0.400000 0.600000 1.000000 0.099315
0.395556 0.593333 1.000000 0.098402
0.391111 0.586667 1.000000 0.097488
0.386667 0.580000 1.000000 0.096575
0.382222 0.573333 1.000000 0.095662
0.377778 0.566667 1.000000 0.094749
0.373334 0.560000 1.000000 0.093835
0.368889 0.553333 1.000000 0.092922
0.364445 0.546667 1.000000 0.092009
0.360000 0.540000 1.000000 0.091096
0.355556 0.533333 1.000000 0.090183
0.351111 0.526667 1.000000 0.089269
0.346667 0.520000 1.000000 0.088356
0.342222 0.513333 1.000000 0.087443
0.337778 0.506667 1.000000 0.086530
0.333333 0.500000 1.000000 0.085616
0.328889 0.493333 1.000000 0.084703
0.324445 0.486667 1.000000 0.083790
0.320000 0.480000 1.000000 0.082877
0.315556 0.473333 1.000000 0.081963
0.311111 0.466667 1.000000 0.081050
0.306667 0.460000 1.000000 0.080137
0.302222 0.453333 1.000000 0.079224
0.297778 0.446667 1.000000 0.078310
0.293333 0.440000 1.000000 0.077397
0.288889 0.433333 1.000000 0.076484
0.284445 0.426667 1.000000 0.075571
0.280000 0.420000 1.000000 0.074657
0.275556 0.413333 1.000000 0.073744
0.271111 0.406667 1.000000 0.072831
0.266667 0.400000 1.000000 0.071918
0.262222 0.393333 1.000000 0.071004
0.257778 0.386667 1.000000 0.070091
0.253333 0.380000 1.000000 0.069178
0.248889 0.373333 1.000000 0.068265
0.244445 0.366667 1.000000 0.067351
0.240000 0.360000 1.000000 0.066438
0.235556 0.353333 1.000000 0.065525
0.231111 0.346667 1.000000 0.064612
0.226667 0.340000 1.000000 0.063698
0.222222 0.333333 1.000000 0.062785
0.217778 0.326667 1.000000 0.061872
0.213333 0.320000 1.000000 0.060959
0.208889 0.313333 1.000000 0.060045
0.204445 0.306667 1.000000 0.059132
0.200000 0.300000 1.000000 0.058219
0.195556 0.293333 1.000000 0.057306
0.191111 0.286667 1.000000 0.056392
0.186667 0.280000 1.000000 0.055479
0.182222 0.273333 1.000000 0.054566
0.177778 0.266667 1.000000 0.053653
0.173333 0.260000 1.000000 0.052740
0.168889 0.253333 1.000000 0.051826
0.164445 0.246667 1.000000 0.050913
0.160000 0.240000 1.000000 0.050000
0.155556 0.233333 1.000000 0.049087
0.151111 0.226667 1.000000 0.048173
0.146667 0.220000 1.000000 0.047260
0.142222 0.213333 1.000000 0.046347
0.137778 0.206667 1.000000 0.045434
0.133333 0.200000 1.000000 0.044520
0.128889 0.193333 1.000000 0.043607
0.124445 0.186667 1.000000 0.042694
0.120000 0.180000 1.000000 0.041781
0.115556 0.173333 1.000000 0.040867
0.111111 0.166667 1.000000 0.039954
0.106667 0.160000 1.000000 0.039041
0.102222 0.153333 1.000000 0.038128
0.097778 0.146667 1.000000 0.037214
0.093333 0.140000 1.000000 0.036301
0.088889 0.133333 1.000000 0.035388
0.084445 0.126667 1.000000 0.034475
0.080000 0.120000 1.000000 0.033561
0.075556 0.113333 1.000000 0.032648
0.071111 0.106667 1.000000 0.031735
0.066667 0.100000 1.000000 0.030822
0.062222 0.093333 1.000000 0.029908
0.057778 0.086667 1.000000 0.028995
0.053333 0.080000 1.000000 0.028082
0.048889 0.073333 1.000000 0.027169
0.044445 0.066667 1.000000 0.026255
0.040000 0.060000 1.000000 0.025342
0.035556 0.053333 1.000000 0.024429
0.031111 0.046667 1.000000 0.023516
0.026667 0.040000 1.000000 0.022602
0.022222 0.033333 1.000000 0.021689
0.017778 0.026667 1.000000 0.020776
0.013333 0.020000 1.000000 0.019863
0.008889 0.013333 1.000000 0.018949
0.004444 0.006667 1.000000 0.018036
0.000000 0.000000 1.000000 0.017123
