0.000000 0.666667 0.000000 0.000000
0.000000 0.672317 0.012429 0.003309
0.000000 0.677966 0.024859 0.006617
0.000000 0.683616 0.037288 0.009926
0.000000 0.689266 0.049717 0.013234
0.000000 0.694916 0.062147 0.016543
0.000000 0.700565 0.074576 0.019851
0.000000 0.706215 0.087006 0.023160
0.000000 0.711865 0.099435 0.026468
0.000000 0.717514 0.111864 0.029777
0.000000 0.723164 0.124294 0.033086
0.000000 0.728814 0.136723 0.036394
0.000000 0.734464 0.149152 0.039703
0.000000 0.740113 0.161582 0.043011
0.000000 0.745763 0.174011 0.046320
0.000000 0.751413 0.186441 0.049628
0.000000 0.757062 0.198870 0.052937
0.000000 0.762712 0.211299 0.056246
0.000000 0.768362 0.223729 0.059554
0.000000 0.774011 0.236158 0.062863
0.000000 0.779661 0.248587 0.066171
0.000000 0.785311 0.261017 0.069480
0.000000 0.790961 0.273446 0.072788
0.000000 0.796610 0.285876 0.076097
0.000000 0.802260 0.298305 0.079405
0.000000 0.807910 0.310734 0.082714
0.000000 0.813560 0.323164 0.086023
0.000000 0.819209 0.335593 0.089331
0.000000 0.824859 0.348022 0.092640
0.000000 0.830509 0.360452 0.095948
0.000000 0.836158 0.372881 0.099257
0.000000 0.841808 0.385311 0.102565
0.000000 0.847458 0.397740 0.105874
0.000000 0.853107 0.410169 0.109182
0.000000 0.858757 0.422599 0.112491
0.000000 0.864407 0.435028 0.115800
0.000000 0.870057 0.447457 0.119108
0.000000 0.875706 0.459887 0.122417
0.000000 0.881356 0.472316 0.125725
0.000000 0.887006 0.484746 0.129034
0.000000 0.892655 0.497175 0.132342
0.000000 0.898305 0.509604 0.135651
0.000000 0.903955 0.522034 0.138959
0.000000 0.909605 0.534463 0.142268
0.000000 0.915254 0.546892 0.145577
0.000000 0.920904 0.559322 0.148885
0.000000 0.926554 0.571751 0.152194
0.000000 0.932203 0.584180 0.155502
0.000000 0.937853 0.596610 0.158811
0.000000 0.943503 0.609039 0.162119
0.000000 0.949153 0.621469 0.165428
0.000000 0.954802 0.633898 0.168737
0.000000 0.960452 0.646327 0.172045
0.000000 0.966102 0.658757 0.175354
0.000000 0.971751 0.671186 0.178662
0.000000 0.977401 0.683616 0.181971
0.000000 0.983051 0.696045 0.185279
0.000000 0.988701 0.708474 0.188588
0.000000 0.994350 0.720904 0.191896
0.000000 1.000000 0.733333 0.195205
0.000000 0.985346 0.720468 0.191780
0.000000 0.970691 0.707602 0.188356
0.000000 0.956037 0.694737 0.184931
0.000000 0.941383 0.681871 0.181506
0.000000 0.926729 0.669006 0.178082
0.000000 0.912074 0.656140 0.174657
0.000000 0.897420 0.643275 0.171232
0.000000 0.882766 0.630409 0.167808
0.000000 0.868111 0.617544 0.164383
0.000000 0.853457 0.604678 0.160959
0.000000 0.838803 0.591813 0.157534
0.000000 0.824149 0.578947 0.154109
0.000000 0.809494 0.566082 0.150685
0.000000 0.794840 0.553216 0.147260
0.000000 0.780186 0.540351 0.143835
0.000000 0.765532 0.527485 0.140411
0.000000 0.750877 0.514620 0.136986
0.000000 0.736223 0.501754 0.133561
0.000000 0.721569 0.488889 0.130137
0.000000 0.706914 0.476023 0.126712
0.000000 0.692260 0.463158 0.123287
0.000000 0.677606 0.450292 0.119863
0.000000 0.662952 0.437427 0.116438
0.000000 0.648297 0.424561 0.113013
0.000000 0.633643 0.411696 0.109589
0.000000 0.618989 0.398830 0.106164
0.000000 0.604334 0.385965 0.102739
0.000000 0.589680 0.373099 0.099315
0.000000 0.575026 0.360234 0.095890
0.000000 0.560372 0.347368 0.092466
0.000000 0.545717 0.334503 0.089041
0.000000 0.531063 0.321637 0.085616
0.000000 0.516409 0.308772 0.082192
0.000000 0.501754 0.295906 0.078767
0.000000 0.487100 0.283041 0.075342
0.000000 0.472446 0.270175 0.071918
0.000000 0.457792 0.257310 0.068493
0.000000 0.443137 0.244444 0.065068
0.000000 0.428483 0.231579 0.061644
0.000000 0.413829 0.218713 0.058219
0.000000 0.399175 0.205848 0.054794
0.000000 0.384520 0.192982 0.051370
0.000000 0.369866 0.180117 0.047945
0.000000 0.355212 0.167251 0.044520
0.000000 0.340557 0.154386 0.041096
0.000000 0.325903 0.141520 0.037671
0.000000 0.311249 0.128655 0.034246
0.000000 0.296595 0.115789 0.030822
0.000000 0.281940 0.102924 0.027397
0.000000 0.267286 0.090058 0.023973
0.000000 0.252632 0.077193 0.020548
0.000000 0.237977 0.064327 0.017123
0.000000 0.223323 0.051462 0.013699
0.000000 0.208669 0.038596 0.010274
0.000000 0.194015 0.025731 0.006849
0.000000 0.179360 0.012865 0.003425
0.000000 0.164706 0.000000 0.000000
0.029412 0.184429 0.029412 0.000000
0.058824 0.204152 0.058824 0.000000
0.088235 0.223876 0.088235 0.000000
0.117647 0.243599 0.117647 0.000000
0.147059 0.263322 0.147059 0.000000
0.176471 0.283045 0.176471 0.000000
0.205882 0.302768 0.205882 0.000000
0.235294 0.322491 0.235294 0.000000
0.264706 0.342215 0.264706 0.000000
0.294118 0.361938 0.294118 0.000000
0.323529 0.381661 0.323529 0.000000
0.352941 0.401384 0.352941 0.000000
0.382353 0.421107 0.382353 0.000000
0.411765 0.440830 0.411765 0.000000
0.441176 0.460554 0.441176 0.000000
0.470588 0.480277 0.470588 0.000000
0.500000 0.500000 0.500000 0.000000
0.504098 0.504098 0.504098 0.000000
0.508197 0.508197 0.508197 0.000000
0.512295 0.512295 0.512295 0.000000
0.516393 0.516393 0.516393 0.000000
0.520492 0.520492 0.520492 0.000000
0.524590 0.524590 0.524590 0.000000
0.528689 0.528689 0.528689 0.000000
0.532787 0.532787 0.532787 0.000000
0.536885 0.536885 0.536885 0.000000
0.540984 0.540984 0.540984 0.000000
0.545082 0.545082 0.545082 0.000000
0.549180 0.549180 0.549180 0.000000
0.553279 0.553279 0.553279 0.000000
0.557377 0.557377 0.557377 0.000000
0.561475 0.561475 0.561475 0.000000
0.565574 0.565574 0.565574 0.000000
0.569672 0.569672 0.569672 0.000000
0.573770 0.573770 0.573770 0.000000
0.577869 0.577869 0.577869 0.000000
0.581967 0.581967 0.581967 0.000000
0.586066 0.586066 0.586066 0.000000
0.590164 0.590164 0.590164 0.000000
0.594262 0.594262 0.594262 0.000000
0.598361 0.598361 0.598361 0.000000
0.602459 0.602459 0.602459 0.000000
0.606557 0.606557 0.606557 0.000000
0.610656 0.610656 0.610656 0.000000
0.614754 0.614754 0.614754 0.000000
0.618852 0.618852 0.618852 0.000000
0.622951 0.622951 0.622951 0.000000
0.627049 0.627049 0.627049 0.000000
0.631148 0.631148 0.631148 0.000000
0.635246 0.635246 0.635246 0.000000
0.639344 0.639344 0.639344 0.000000
0.643443 0.643443 0.643443 0.000000
0.647541 0.647541 0.647541 0.000000
0.651639 0.651639 0.651639 0.000000
0.655738 0.655738 0.655738 0.000000
0.659836 0.659836 0.659836 0.000000
0.663934 0.663934 0.663934 0.000000
0.668033 0.668033 0.668033 0.000000
0.672131 0.672131 0.672131 0.000000
0.676229 0.676229 0.676229 0.000000
0.680328 0.680328 0.680328 0.000000
0.684426 0.684426 0.684426 0.000000
0.688525 0.688525 0.688525 0.000000
0.692623 0.692623 0.692623 0.000000
0.696721 0.696721 0.696721 0.000000
0.700820 0.700820 0.700820 0.000000
0.704918 0.704918 0.704918 0.000000
0.709016 0.709016 0.709016 0.000000
0.713115 0.713115 0.713115 0.000000
0.717213 0.717213 0.717213 0.000000
0.721311 0.721311 0.721311 0.000000
0.725410 0.725410 0.725410 0.000000
0.729508 0.729508 0.729508 0.000000
0.733607 0.733607 0.733607 0.000000
0.737705 0.737705 0.737705 0.000000
0.741803 0.741803 0.741803 0.000000
0.745902 0.745902 0.745902 0.000000
0.750000 0.750000 0.750000 0.000000
0.754098 0.754098 0.754098 0.000000
0.758197 0.758197 0.758197 0.000000
0.762295 0.762295 0.762295 0.000000
0.766393 0.766393 0.766393 0.000000
0.770492 0.770492 0.770492 0.000000
0.774590 0.774590 0.774590 0.000000
0.778689 0.778689 0.778689 0.000000
0.782787 0.782787 0.782787 0.000000
0.786885 0.786885 0.786885 0.000000
0.790984 0.790984 0.790984 0.000000
0.795082 0.795082 0.795082 0.000000
0.799180 0.799180 0.799180 0.000000
0.803279 0.803279 0.803279 0.000000
0.807377 0.807377 0.807377 0.000000
0.811475 0.811475 0.811475 0.000000
0.815574 0.815574 0.815574 0.000000
0.819672 0.819672 0.819672 0.000000
0.823770 0.823770 0.823770 0.000000
0.827869 0.827869 0.827869 0.000000
0.831967 0.831967 0.831967 0.000000
0.836066 0.836066 0.836066 0.000000
0.840164 0.840164 0.840164 0.000000
0.844262 0.844262 0.844262 0.000000
0.848361 0.848361 0.848361 0.000000
0.852459 0.852459 0.852459 0.000000
0.856557 0.856557 0.856557 0.000000
0.860656 0.860656 0.860656 0.000000
0.864754 0.864754 0.864754 0.000000
0.868852 0.868852 0.868852 0.000000
0.872951 0.872951 0.872951 0.000000
0.877049 0.877049 0.877049 0.000000
0.881148 0.881148 0.881148 0.000000
0.885246 0.885246 0.885246 0.000000
0.889344 0.889344 0.889344 0.000000
0.893443 0.893443 0.893443 0.000000
0.897541 0.897541 0.897541 0.000000
0.901639 0.901639 0.901639 0.000000
0.905738 0.905738 0.905738 0.000000
0.909836 0.909836 0.909836 0.000000
0.913934 0.913934 0.913934 0.000000
0.918033 0.918033 0.918033 0.000000
0.922131 0.922131 0.922131 0.000000
0.926229 0.926229 0.926229 0.000000
0.930328 0.930328 0.930328 0.000000
0.934426 0.934426 0.934426 0.000000
0.938525 0.938525 0.938525 0.000000
0.942623 0.942623 0.942623 0.000000
0.946721 0.946721 0.946721 0.000000
0.950820 0.950820 0.950820 0.000000
0.954918 0.954918 0.954918 0.000000
0.959016 0.959016 0.959016 0.000000
0.963115 0.963115 0.963115 0.000000
0.967213 0.967213 0.967213 0.000000
0.971311 0.971311 0.971311 0.000000
0.975410 0.975410 0.975410 0.000000
0.979508 0.979508 0.979508 0.000000
0.983607 0.983607 0.983607 0.000000
0.987705 0.987705 0.987705 0.000000
0.991803 0.991803 0.991803 0.000000
0.995902 0.995902 0.995902 0.000000
1.000000 1.000000 1.000000 0.000000
