0.000000 0.000000 0.000000 -0.000000
0.062500 0.062500 0.062500 0.000000
0.125000 0.125000 0.125000 0.000000
0.187500 0.187500 0.187500 0.000000
0.250000 0.250000 0.250000 0.000000
0.312500 0.312500 0.312500 0.000000
0.375000 0.375000 0.375000 0.000000
0.437500 0.437500 0.437500 0.000000
0.500000 0.500000 0.500000 0.000000
0.562500 0.562500 0.562500 0.000000
0.625000 0.625000 0.625000 0.000000
0.687500 0.687500 0.687500 0.000000
0.750000 0.750000 0.750000 0.000000
0.812500 0.812500 0.812500 0.000000
0.875000 0.875000 0.875000 0.000000
0.937500 0.937500 0.937500 0.000000
1.000000 1.000000 1.000000 0.000000
0.944444 0.916667 1.000000 0.018836
0.888889 0.833333 1.000000 0.037671
0.833333 0.750000 1.000000 0.056507
0.777778 0.666667 1.000000 0.075342
0.722222 0.583333 1.000000 0.094178
0.666667 0.500000 1.000000 0.113014
0.611111 0.416667 1.000000 0.131849
0.555555 0.333333 1.000000 0.150685
0.500000 0.250000 1.000000 0.169520
0.444444 0.166667 1.000000 0.188356
0.388889 0.083333 1.000000 0.207191
0.333333 0.000000 1.000000 0.226027
0.333333 0.033333 0.949804 0.203424
0.333333 0.066667 0.899608 0.180822
0.333333 0.100000 0.849412 0.158219
0.333333 0.133333 0.799216 0.135616
0.333333 0.166666 0.749020 0.113013
0.333333 0.200000 0.698823 0.090411
0.333333 0.233333 0.648627 0.067808
0.333333 0.266666 0.598431 0.045205
0.333333 0.300000 0.548235 0.022603
0.333333 0.333333 0.498039 0.000000
0.327702 0.327702 0.487957 0.000000
0.322072 0.322072 0.477875 0.000000
0.316441 0.316441 0.467793 0.000000
0.310811 0.310811 0.457710 0.000000
0.305180 0.305180 0.447628 0.000000
0.299549 0.299549 0.437546 0.000000
0.293919 0.293919 0.427464 0.000000
0.288288 0.288288 0.417382 0.000000
0.282657 0.282657 0.407300 0.000000
0.277027 0.277027 0.397218 0.000000
0.271396 0.271396 0.387136 0.000000
0.265766 0.265766 0.377053 0.000000
0.260135 0.260135 0.366971 0.000000
0.254504 0.254504 0.356889 0.000000
0.248874 0.248874 0.346807 0.000000
0.243243 0.243243 0.336725 0.000000
0.237612 0.237612 0.326643 0.000000
0.231982 0.231982 0.316561 0.000000
0.226351 0.226351 0.306478 0.000000
0.220721 0.220721 0.296396 0.000000
0.215090 0.215090 0.286314 0.000000
0.209459 0.209459 0.276232 0.000000
0.203829 0.203829 0.266150 0.000000
0.198198 0.198198 0.256068 0.000000
0.192567 0.192567 0.245986 0.000000
0.186937 0.186937 0.235904 0.000000
0.181306 0.181306 0.225821 0.000000
0.175676 0.175676 0.215739 0.000000
0.170045 0.170045 0.205657 0.000000
0.164414 0.164414 0.195575 0.000000
0.158784 0.158784 0.185493 0.000000
0.153153 0.153153 0.175411 0.000000
0.147522 0.147522 0.165329 0.000000
0.141892 0.141892 0.155246 0.000000
0.136261 0.136261 0.145164 0.000000
0.130631 0.130631 0.135082 0.000000
0.125000 0.125000 0.125000 0.000000
0.126563 0.126563 0.126563 0.000000
0.128125 0.128125 0.128125 0.000000
0.129688 0.129688 0.129688 0.000000
0.131250 0.131250 0.131250 0.000000
0.132813 0.132813 0.132813 0.000000
0.134375 0.134375 0.134375 0.000000
0.135937 0.135937 0.135937 0.000000
0.137500 0.137500 0.137500 0.000000
0.139062 0.139062 0.139062 0.000000
0.140625 0.140625 0.140625 0.000000
0.142188 0.142188 0.142188 0.000000
0.143750 0.143750 0.143750 0.000000
0.145313 0.145313 0.145313 0.000000
0.146875 0.146875 0.146875 0.000000
0.148438 0.148438 0.148438 0.000000
0.150000 0.150000 0.150000 0.000000
0.151562 0.151562 0.151562 0.000000
0.153125 0.153125 0.153125 0.000000
0.154687 0.154687 0.154687 0.000000
0.156250 0.156250 0.156250 0.000000
0.157813 0.157813 0.157813 0.000000
0.159375 0.159375 0.159375 0.000000
0.160938 0.160938 0.160938 0.000000
0.162500 0.162500 0.162500 0.000000
0.164063 0.164063 0.164063 0.000000
0.165625 0.165625 0.165625 0.000000
0.167187 0.167187 0.167187 0.000000
0.168750 0.168750 0.168750 0.000000
0.170312 0.170312 0.170312 0.000000
0.171875 0.171875 0.171875 0.000000
0.173438 0.173438 0.173438 0.000000
0.175000 0.175000 0.175000 0.000000
0.176563 0.176563 0.176563 0.000000
0.178125 0.178125 0.178125 0.000000
0.179688 0.179688 0.179688 0.000000
0.181250 0.181250 0.181250 0.000000
0.182812 0.182812 0.182812 0.000000
0.184375 0.184375 0.184375 0.000000
0.185937 0.185937 0.185937 0.000000
0.187500 0.187500 0.187500 0.000000
0.189063 0.189063 0.189063 0.000000
0.190625 0.190625 0.190625 0.000000
0.192188 0.192188 0.192188 0.000000
0.193750 0.193750 0.193750 0.000000
0.195313 0.195313 0.195313 0.000000
0.196875 0.196875 0.196875 0.000000
0.198438 0.198438 0.198438 0.000000
0.200000 0.200000 0.200000 0.000000
0.201562 0.201562 0.201562 0.000000
0.203125 0.203125 0.203125 0.000000
0.204688 0.204688 0.204688 0.000000
0.206250 0.206250 0.206250 0.000000
0.207813 0.207813 0.207813 0.000000
0.209375 0.209375 0.209375 0.000000
0.210938 0.210938 0.210938 0.000000
0.212500 0.212500 0.212500 0.000000
0.214063 0.214063 0.214063 0.000000
0.215625 0.215625 0.215625 0.000000
0.217187 0.217187 0.217187 0.000000
0.218750 0.218750 0.218750 0.000000
0.220313 0.220313 0.220313 0.000000
0.221875 0.221875 0.221875 0.000000
0.223438 0.223438 0.223438 0.000000
0.225000 0.225000 0.225000 0.000000
0.226563 0.226563 0.226563 0.000000
0.228125 0.228125 0.228125 0.000000
0.229688 0.229688 0.229688 0.000000
0.231250 0.231250 0.231250 0.000000
0.232812 0.232812 0.232812 0.000000
0.234375 0.234375 0.234375 0.000000
0.235938 0.235938 0.235938 0.000000
0.237500 0.237500 0.237500 0.000000
0.239063 0.239063 0.239063 0.000000
0.240625 0.240625 0.240625 0.000000
0.242188 0.242188 0.242188 0.000000
0.243750 0.243750 0.243750 0.000000
0.245313 0.245313 0.245313 0.000000
0.246875 0.246875 0.246875 0.000000
0.248437 0.248437 0.248437 0.000000
0.250000 0.250000 0.250000 0.000000
0.253846 0.253846 0.253846 0.000000
0.257692 0.257692 0.257692 0.000000
0.261538 0.261538 0.261538 0.000000
0.265385 0.265385 0.265385 0.000000
0.269231 0.269231 0.269231 0.000000
0.273077 0.273077 0.273077 0.000000
0.276923 0.276923 0.276923 0.000000
0.280769 0.280769 0.280769 0.000000
0.284615 0.284615 0.284615 0.000000
0.288462 0.288462 0.288462 0.000000
0.292308 0.292308 0.292308 0.000000
0.296154 0.296154 0.296154 0.000000
0.300000 0.300000 0.300000 0.000000
0.303846 0.303846 0.303846 0.000000
0.307692 0.307692 0.307692 0.000000
0.311538 0.311538 0.311538 0.000000
0.315385 0.315385 0.315385 0.000000
0.319231 0.319231 0.319231 0.000000
0.323077 0.323077 0.323077 0.000000
0.326923 0.326923 0.326923 0.000000
0.330769 0.330769 0.330769 0.000000
0.334615 0.334615 0.334615 0.000000
0.338462 0.338462 0.338462 0.000000
0.342308 0.342308 0.342308 0.000000
0.346154 0.346154 0.346154 0.000000
0.350000 0.350000 0.350000 0.000000
0.353846 0.353846 0.353846 0.000000
0.357692 0.357692 0.357692 0.000000
0.361538 0.361538 0.361538 0.000000
0.365385 0.365385 0.365385 0.000000
0.369231 0.369231 0.369231 0.000000
0.373077 0.373077 0.373077 0.000000
0.376923 0.376923 0.376923 0.000000
0.380769 0.380769 0.380769 0.000000
0.384615 0.384615 0.384615 0.000000
0.388462 0.388462 0.388462 0.000000
0.392308 0.392308 0.392308 0.000000
0.396154 0.396154 0.396154 0.000000
0.400000 0.400000 0.400000 0.000000
0.403846 0.403846 0.403846 0.000000
0.407692 0.407692 0.407692 0.000000
0.411538 0.411538 0.411538 0.000000
0.415385 0.415385 0.415385 0.000000
0.419231 0.419231 0.419231 0.000000
0.423077 0.423077 0.423077 0.000000
0.426923 0.426923 0.426923 0.000000
0.430769 0.430769 0.430769 0.000000
0.434615 0.434615 0.434615 0.000000
0.438462 0.438462 0.438462 0.000000
0.442308 0.442308 0.442308 0.000000
0.446154 0.446154 0.446154 0.000000
0.450000 0.450000 0.450000 0.000000
0.453846 0.453846 0.453846 0.000000
0.457692 0.457692 0.457692 0.000000
0.461538 0.461538 0.461538 0.000000
0.465385 0.465385 0.465385 0.000000
0.469231 0.469231 0.469231 0.000000
0.473077 0.473077 0.473077 0.000000
0.476923 0.476923 0.476923 0.000000
0.480769 0.480769 0.480769 0.000000
0.484615 0.484615 0.484615 0.000000
0.488462 0.488462 0.488462 0.000000
0.492308 0.492308 0.492308 0.000000
0.496154 0.496154 0.496154 0.000000
0.500000 0.500000 0.500000 0.000000
0.514286 0.514286 0.514286 0.000000
0.528571 0.528571 0.528571 0.000000
0.542857 0.542857 0.542857 0.000000
0.557143 0.557143 0.557143 0.000000
0.571429 0.571429 0.571429 0.000000
0.585714 0.585714 0.585714 0.000000
0.600000 0.600000 0.600000 0.000000
0.614286 0.614286 0.614286 0.000000
0.628571 0.628571 0.628571 0.000000
0.642857 0.642857 0.642857 0.000000
0.657143 0.657143 0.657143 0.000000
0.671429 0.671429 0.671429 0.000000
0.685714 0.685714 0.685714 0.000000
0.700000 0.700000 0.700000 0.000000
0.714286 0.714286 0.714286 0.000000
0.728571 0.728571 0.728571 0.000000
0.742857 0.742857 0.742857 0.000000
0.757143 0.757143 0.757143 0.000000
0.771429 0.771429 0.771429 0.000000
0.785714 0.785714 0.785714 0.000000
0.800000 0.800000 0.800000 0.000000
0.814286 0.814286 0.814286 0.000000
0.828571 0.828571 0.828571 0.000000
0.842857 0.842857 0.842857 0.000000
0.857143 0.857143 0.857143 0.000000
0.871429 0.871429 0.871429 0.000000
0.885714 0.885714 0.885714 0.000000
0.900000 0.900000 0.900000 0.000000
0.914286 0.914286 0.914286 0.000000
0.928571 0.928571 0.928571 0.000000
0.942857 0.942857 0.942857 0.000000
0.957143 0.957143 0.957143 0.000000
0.971429 0.971429 0.971429 0.000000
0.985714 0.985714 0.985714 0.000000
1.000000 1.000000 1.000000 0.000000
