1.000000 1.000000 1.000000 -0.000000
1.000000 0.979167 0.984314 0.000000
1.000000 0.958333 0.968628 0.000000
1.000000 0.937500 0.952941 0.000000
1.000000 0.916667 0.937255 0.000000
1.000000 0.895833 0.921569 0.000000
1.000000 0.875000 0.905882 0.000000
1.000000 0.854166 0.890196 0.000000
1.000000 0.833333 0.874510 0.000000
1.000000 0.828884 0.840875 0.005796
1.000000 0.824434 0.807240 0.011591
1.000000 0.819985 0.773605 0.017387
1.000000 0.815535 0.739970 0.023182
1.000000 0.811086 0.706335 0.028978
1.000000 0.806636 0.672700 0.034773
1.000000 0.802187 0.639065 0.040569
1.000000 0.797737 0.605430 0.046365
1.000000 0.793288 0.571795 0.052160
1.000000 0.788838 0.538160 0.057956
1.000000 0.784389 0.504525 0.063751
1.000000 0.779940 0.470890 0.069547
1.000000 0.775490 0.437255 0.075342
1.000000 0.766407 0.424395 0.082494
1.000000 0.757324 0.411534 0.089645
1.000000 0.748241 0.398674 0.096797
1.000000 0.739158 0.385813 0.103948
1.000000 0.730075 0.372953 0.111100
1.000000 0.720992 0.360092 0.118251
1.000000 0.711909 0.347232 0.125403
1.000000 0.702826 0.334371 0.132554
1.000000 0.693743 0.321511 0.139706
1.000000 0.684660 0.308651 0.146857
1.000000 0.675577 0.295790 0.154009
1.000000 0.666494 0.282930 0.161160
1.000000 0.657411 0.270069 0.168312
1.000000 0.648327 0.257209 0.175463
1.000000 0.639244 0.244348 0.182615
1.000000 0.630161 0.231488 0.189766
1.000000 0.621078 0.218627 0.196918
1.000000 0.611995 0.205767 0.204069
1.000000 0.602912 0.192907 0.211221
1.000000 0.593829 0.180046 0.218372
1.000000 0.584746 0.167186 0.225524
1.000000 0.575663 0.154325 0.232675
1.000000 0.566580 0.141465 0.239827
1.000000 0.557497 0.128604 0.246978
1.000000 0.548414 0.115744 0.254130
1.000000 0.539331 0.102884 0.261281
1.000000 0.530248 0.090023 0.268433
1.000000 0.521165 0.077163 0.275584
1.000000 0.512082 0.064302 0.282736
1.000000 0.502999 0.051442 0.289887
1.000000 0.493916 0.038581 0.297039
1.000000 0.484833 0.025721 0.304190
1.000000 0.475750 0.012860 0.311342
1.000000 0.466667 0.000000 0.318493
0.788235 0.474510 0.552941 0.000000
0.786344 0.472829 0.551225 0.000459
0.784454 0.471149 0.549510 0.000917
0.782563 0.469468 0.547794 0.001376
0.780672 0.467787 0.546078 0.001835
0.778781 0.466107 0.544363 0.002293
0.776891 0.464426 0.542647 0.002752
0.775000 0.462745 0.540931 0.003211
0.773109 0.461065 0.539216 0.003669
0.771218 0.459384 0.537500 0.004128
0.769328 0.457703 0.535784 0.004587
0.767437 0.456023 0.534068 0.005045
0.765546 0.454342 0.532353 0.005504
0.763655 0.452661 0.530637 0.005963
0.761765 0.450981 0.528921 0.006421
0.759874 0.449300 0.527206 0.006880
0.757983 0.447619 0.525490 0.007339
0.756092 0.445939 0.523774 0.007797
0.754202 0.444258 0.522059 0.008256
0.752311 0.442577 0.520343 0.008715
0.750420 0.440897 0.518627 0.009173
0.748529 0.439216 0.516912 0.009632
0.746638 0.437535 0.515196 0.010091
0.744748 0.435855 0.513480 0.010549
0.742857 0.434174 0.511765 0.011008
0.740966 0.432493 0.510049 0.011466
0.739075 0.430813 0.508333 0.011925
0.737185 0.429132 0.506617 0.012384
0.735294 0.427451 0.504902 0.012842
0.733403 0.425771 0.503186 0.013301
0.731512 0.424090 0.501470 0.013760
0.729622 0.422409 0.499755 0.014218
0.727731 0.420729 0.498039 0.014677
0.725840 0.419048 0.496323 0.015136
0.723949 0.417367 0.494608 0.015594
0.722059 0.415687 0.492892 0.016053
0.720168 0.414006 0.491176 0.016512
0.718277 0.412325 0.489461 0.016970
0.716386 0.410645 0.487745 0.017429
0.714496 0.408964 0.486029 0.017888
0.712605 0.407283 0.484314 0.018346
0.710714 0.405603 0.482598 0.018805
0.708824 0.403922 0.480882 0.019264
0.706933 0.402241 0.479166 0.019722
0.705042 0.400561 0.477451 0.020181
0.703151 0.398880 0.475735 0.020640
0.701261 0.397199 0.474019 0.021098
0.699370 0.395519 0.472304 0.021557
0.697479 0.393838 0.470588 0.022016
0.695588 0.392157 0.468872 0.022474
0.693698 0.390477 0.467157 0.022933
0.691807 0.388796 0.465441 0.023392
0.689916 0.387115 0.463725 0.023850
0.688025 0.385435 0.462010 0.024309
0.686134 0.383754 0.460294 0.024768
0.684244 0.382073 0.458578 0.025226
0.682353 0.380392 0.456863 0.025685
0.680462 0.378712 0.455147 0.026144
0.678571 0.377031 0.453431 0.026602
0.676681 0.375351 0.451715 0.027061
0.674790 0.373670 0.450000 0.027520
0.672899 0.371989 0.448284 0.027978
0.671008 0.370308 0.446568 0.028437
0.669118 0.368628 0.444853 0.028896
0.667227 0.366947 0.443137 0.029354
0.665336 0.365266 0.441421 0.029813
0.663445 0.363586 0.439706 0.030272
0.661555 0.361905 0.437990 0.030730
0.659664 0.360224 0.436274 0.031189
0.657773 0.358544 0.434559 0.031648
0.655882 0.356863 0.432843 0.032106
0.653992 0.355182 0.431127 0.032565
0.652101 0.353502 0.429412 0.033023
0.650210 0.351821 0.427696 0.033482
0.648319 0.350140 0.425980 0.033941
0.646429 0.348460 0.424264 0.034399
0.644538 0.346779 0.422549 0.034858
0.642647 0.345098 0.420833 0.035317
0.640756 0.343418 0.419117 0.035775
0.638866 0.341737 0.417402 0.036234
0.636975 0.340056 0.415686 0.036693
0.635084 0.338376 0.413970 0.037151
0.633193 0.336695 0.412255 0.037610
0.631303 0.335014 0.410539 0.038069
0.629412 0.333334 0.408823 0.038527
0.627521 0.331653 0.407108 0.038986
0.625630 0.329972 0.405392 0.039445
0.623740 0.328292 0.403676 0.039903
0.621849 0.326611 0.401960 0.040362
0.619958 0.324930 0.400245 0.040821
0.618068 0.323250 0.398529 0.041279
0.616177 0.321569 0.396813 0.041738
0.614286 0.319888 0.395098 0.042197
0.612395 0.318208 0.393382 0.042655
0.610505 0.316527 0.391666 0.043114
0.608614 0.314846 0.389951 0.043573
0.606723 0.313166 0.388235 0.044031
0.604832 0.311485 0.386519 0.044490
0.602941 0.309804 0.384804 0.044949
0.601051 0.308124 0.383088 0.045407
0.599160 0.306443 0.381372 0.045866
0.597269 0.304762 0.379657 0.046325
0.595378 0.303082 0.377941 0.046783
0.593488 0.301401 0.376225 0.047242
0.591597 0.299720 0.374510 0.047701
0.589706 0.298040 0.372794 0.048159
0.587815 0.296359 0.371078 0.048618
0.585925 0.294678 0.369362 0.049077
0.584034 0.292998 0.367647 0.049535
0.582143 0.291317 0.365931 0.049994
0.580252 0.289636 0.364215 0.050453
0.578362 0.287956 0.362500 0.050911
0.576471 0.286275 0.360784 0.051370
0.581339 0.282984 0.356817 0.050779
0.586207 0.279694 0.352851 0.050189
0.591075 0.276403 0.348884 0.049598
0.595944 0.273113 0.344917 0.049008
0.600812 0.269822 0.340951 0.048418
0.605680 0.266532 0.336984 0.047827
0.610548 0.263241 0.333017 0.047237
0.615416 0.259951 0.329051 0.046646
0.620284 0.256660 0.325084 0.046056
0.625152 0.253370 0.321118 0.045465
0.630021 0.250079 0.317151 0.044875
0.634889 0.246789 0.313184 0.044284
0.639757 0.243498 0.309218 0.043694
0.644625 0.240208 0.305251 0.043103
0.649493 0.236917 0.301284 0.042513
0.654361 0.233627 0.297318 0.041923
0.659230 0.230336 0.293351 0.041332
0.664098 0.227046 0.289384 0.040742
0.668966 0.223755 0.285418 0.040151
0.673834 0.220465 0.281451 0.039561
0.678702 0.217174 0.277484 0.038970
0.683570 0.213884 0.273518 0.038380
0.688438 0.210593 0.269551 0.037789
0.693307 0.207303 0.265585 0.037199
0.698175 0.204012 0.261618 0.036608
0.703043 0.200722 0.257651 0.036018
0.707911 0.197431 0.253685 0.035427
0.712779 0.194141 0.249718 0.034837
0.717647 0.190850 0.245751 0.034247
0.722515 0.187559 0.241785 0.033656
0.727384 0.184269 0.237818 0.033066
0.732252 0.180978 0.233851 0.032475
0.737120 0.177688 0.229885 0.031885
0.741988 0.174397 0.225918 0.031294
0.746856 0.171107 0.221951 0.030704
0.751724 0.167816 0.217985 0.030113
0.756593 0.164526 0.214018 0.029523
0.761461 0.161235 0.210052 0.028932
0.766329 0.157945 0.206085 0.028342
0.771197 0.154654 0.202118 0.027752
0.776065 0.151364 0.198152 0.027161
0.780933 0.148073 0.194185 0.026571
0.785801 0.144783 0.190218 0.025980
0.790670 0.141492 0.186252 0.025390
0.795538 0.138202 0.182285 0.024799
0.800406 0.134911 0.178318 0.024209
0.805274 0.131621 0.174352 0.023618
0.810142 0.128330 0.170385 0.023028
0.815010 0.125040 0.166418 0.022437
0.819878 0.121749 0.162452 0.021847
0.824747 0.118459 0.158485 0.021256
0.829615 0.115168 0.154519 0.020666
0.834483 0.111878 0.150552 0.020076
0.839351 0.108587 0.146585 0.019485
0.844219 0.105297 0.142619 0.018895
0.849087 0.102006 0.138652 0.018304
0.853956 0.098716 0.134685 0.017714
0.858824 0.095425 0.130719 0.017123
0.863692 0.092134 0.126752 0.016533
0.868560 0.088844 0.122785 0.015942
0.873428 0.085553 0.118819 0.015352
0.878296 0.082263 0.114852 0.014761
0.883164 0.078972 0.110885 0.014171
0.888033 0.075682 0.106919 0.013581
0.892901 0.072391 0.102952 0.012990
0.897769 0.069101 0.098986 0.012400
0.902637 0.065810 0.095019 0.011809
0.907505 0.062520 0.091052 0.011219
0.912373 0.059229 0.087086 0.010628
0.917241 0.055939 0.083119 0.010038
0.922110 0.052648 0.079152 0.009447
0.926978 0.049358 0.075186 0.008857
0.931846 0.046067 0.071219 0.008266
0.936714 0.042777 0.067252 0.007676
0.941582 0.039486 0.063286 0.007085
0.946450 0.036196 0.059319 0.006495
0.951319 0.032905 0.055352 0.005905
0.956187 0.029615 0.051386 0.005314
0.961055 0.026324 0.047419 0.004724
0.965923 0.023034 0.043453 0.004133
0.970791 0.019743 0.039486 0.003543
0.975659 0.016453 0.035519 0.002952
0.980527 0.013162 0.031553 0.002362
0.985396 0.009872 0.027586 0.001771
0.990264 0.006581 0.023619 0.001181
0.995132 0.003291 0.019653 0.000590
1.000000 0.000000 0.015686 0.000000
