0.000000 0.000000 0.000000 0.000000
0.005102 0.005102 0.005102 0.000000
0.010204 0.010204 0.010204 0.000000
0.015306 0.015306 0.015306 0.000000
0.020408 0.020408 0.020408 0.000000
0.025510 0.025510 0.025510 0.000000
0.030612 0.030612 0.030612 0.000000
0.035714 0.035714 0.035714 0.000000
0.040816 0.040816 0.040816 0.000000
0.045918 0.045918 0.045918 0.000000
0.051020 0.051020 0.051020 0.000000
0.056122 0.056122 0.056122 0.000000
0.061224 0.061224 0.061224 0.000000
0.066327 0.066327 0.066327 0.000000
0.071429 0.071429 0.071429 0.000000
0.076531 0.076531 0.076531 0.000000
0.081633 0.081633 0.081633 0.000000
0.086735 0.086735 0.086735 0.000000
0.091837 0.091837 0.091837 0.000000
0.096939 0.096939 0.096939 0.000000
0.102041 0.102041 0.102041 0.000000
0.107143 0.107143 0.107143 0.000000
0.112245 0.112245 0.112245 0.000000
0.117347 0.117347 0.117347 0.000000
0.122449 0.122449 0.122449 0.000000
0.127551 0.127551 0.127551 0.000000
0.132653 0.132653 0.132653 0.000000
0.137755 0.137755 0.137755 0.000000
0.142857 0.142857 0.142857 0.000000
0.147959 0.147959 0.147959 0.000000
0.153061 0.153061 0.153061 0.000000
0.158163 0.158163 0.158163 0.000000
0.163265 0.163265 0.163265 0.000000
0.168367 0.168367 0.168367 0.000000
0.173469 0.173469 0.173469 0.000000
0.178571 0.178571 0.178571 0.000000
0.183673 0.183673 0.183673 0.000000
0.188776 0.188776 0.188776 0.000000
0.193878 0.193878 0.193878 0.000000
0.198980 0.198980 0.198980 0.000000
0.204082 0.204082 0.204082 0.000000
0.209184 0.209184 0.209184 0.000000
0.214286 0.214286 0.214286 0.000000
0.219388 0.219388 0.219388 0.000000
0.224490 0.224490 0.224490 0.000000
0.229592 0.229592 0.229592 0.000000
0.234694 0.234694 0.234694 0.000000
0.239796 0.239796 0.239796 0.000000
0.244898 0.244898 0.244898 0.000000
0.250000 0.250000 0.250000 0.000000
0.255102 0.255102 0.255102 0.000000
0.260204 0.260204 0.260204 0.000000
0.265306 0.265306 0.265306 0.000000
0.270408 0.270408 0.270408 0.000000
0.275510 0.275510 0.275510 0.000000
0.280612 0.280612 0.280612 0.000000
0.285714 0.285714 0.285714 0.000000
0.290816 0.290816 0.290816 0.000000
0.295918 0.295918 0.295918 0.000000
0.301020 0.301020 0.301020 0.000000
0.306122 0.306122 0.306122 0.000000
0.311224 0.311224 0.311224 0.000000
0.316327 0.316327 0.316327 0.000000
0.321429 0.321429 0.321429 0.000000
0.326531 0.326531 0.326531 0.000000
0.331633 0.331633 0.331633 0.000000
0.336735 0.336735 0.336735 0.000000
0.341837 0.341837 0.341837 0.000000
0.346939 0.346939 0.346939 0.000000
0.352041 0.352041 0.352041 0.000000
0.357143 0.357143 0.357143 0.000000
0.362245 0.362245 0.362245 0.000000
0.367347 0.367347 0.367347 0.000000
0.372449 0.372449 0.372449 0.000000
0.377551 0.377551 0.377551 0.000000
0.382653 0.382653 0.382653 0.000000
0.387755 0.387755 0.387755 0.000000
0.392857 0.392857 0.392857 0.000000
0.397959 0.397959 0.397959 0.000000
0.403061 0.403061 0.403061 0.000000
0.408163 0.408163 0.408163 0.000000
0.413265 0.413265 0.413265 0.000000
0.418367 0.418367 0.418367 0.000000
0.423469 0.423469 0.423469 0.000000
0.428571 0.428571 0.428571 0.000000
0.433673 0.433673 0.433673 0.000000
0.438776 0.438776 0.438776 0.000000
0.443878 0.443878 0.443878 0.000000
0.448980 0.448980 0.448980 0.000000
0.454082 0.454082 0.454082 0.000000
0.459184 0.459184 0.459184 0.000000
0.464286 0.464286 0.464286 0.000000
0.469388 0.469388 0.469388 0.000000
0.474490 0.474490 0.474490 0.000000
0.479592 0.479592 0.479592 0.000000
0.484694 0.484694 0.484694 0.000000
0.489796 0.489796 0.489796 0.000000
0.494898 0.494898 0.494898 0.000000
0.500000 0.500000 0.500000 0.000000
0.503185 0.503185 0.503185 0.000000
0.506369 0.506369 0.506369 0.000000
0.509554 0.509554 0.509554 0.000000
0.512739 0.512739 0.512739 0.000000
0.515924 0.515924 0.515924 0.000000
0.519108 0.519108 0.519108 0.000000
0.522293 0.522293 0.522293 0.000000
0.525478 0.525478 0.525478 0.000000
0.528662 0.528662 0.528662 0.000000
0.531847 0.531847 0.531847 0.000000
0.535032 0.535032 0.535032 0.000000
0.538217 0.538217 0.538217 0.000000
0.541401 0.541401 0.541401 0.000000
0.544586 0.544586 0.544586 0.000000
0.547771 0.547771 0.547771 0.000000
0.550955 0.550955 0.550955 0.000000
0.554140 0.554140 0.554140 0.000000
0.557325 0.557325 0.557325 0.000000
0.560510 0.560510 0.560510 0.000000
0.563694 0.563694 0.563694 0.000000
0.566879 0.566879 0.566879 0.000000
0.570064 0.570064 0.570064 0.000000
0.573248 0.573248 0.573248 0.000000
0.576433 0.576433 0.576433 0.000000
0.579618 0.579618 0.579618 0.000000
0.582803 0.582803 0.582803 0.000000
0.585987 0.585987 0.585987 0.000000
0.589172 0.589172 0.589172 0.000000
0.592357 0.592357 0.592357 0.000000
0.595541 0.595541 0.595541 0.000000
0.598726 0.598726 0.598726 0.000000
0.601911 0.601911 0.601911 0.000000
0.605096 0.605096 0.605096 0.000000
0.608280 0.608280 0.608280 0.000000
0.611465 0.611465 0.611465 0.000000
0.614650 0.614650 0.614650 0.000000
0.617834 0.617834 0.617834 0.000000
0.621019 0.621019 0.621019 0.000000
0.624204 0.624204 0.624204 0.000000
0.627389 0.627389 0.627389 0.000000
0.630573 0.630573 0.630573 0.000000
0.633758 0.633758 0.633758 0.000000
0.636943 0.636943 0.636943 0.000000
0.640127 0.640127 0.640127 0.000000
0.643312 0.643312 0.643312 0.000000
0.646497 0.646497 0.646497 0.000000
0.649682 0.649682 0.649682 0.000000
0.652866 0.652866 0.652866 0.000000
0.656051 0.656051 0.656051 0.000000
0.659236 0.659236 0.659236 0.000000
0.662420 0.662420 0.662420 0.000000
0.665605 0.665605 0.665605 0.000000
0.668790 0.668790 0.668790 0.000000
0.671975 0.671975 0.671975 0.000000
0.675159 0.675159 0.675159 0.000000
0.678344 0.678344 0.678344 0.000000
0.681529 0.681529 0.681529 0.000000
0.684713 0.684713 0.684713 0.000000
0.687898 0.687898 0.687898 0.000000
0.691083 0.691083 0.691083 0.000000
0.694268 0.694268 0.694268 0.000000
0.697452 0.697452 0.697452 0.000000
0.700637 0.700637 0.700637 0.000000
0.703822 0.703822 0.703822 0.000000
0.707006 0.707006 0.707006 0.000000
0.710191 0.710191 0.710191 0.000000
0.713376 0.713376 0.713376 0.000000
0.716560 0.716560 0.716560 0.000000
0.719745 0.719745 0.719745 0.000000
0.722930 0.722930 0.722930 0.000000
0.726115 0.726115 0.726115 0.000000
0.729299 0.729299 0.729299 0.000000
0.732484 0.732484 0.732484 0.000000
0.735669 0.735669 0.735669 0.000000
0.738854 0.738854 0.738854 0.000000
0.742038 0.742038 0.742038 0.000000
0.745223 0.745223 0.745223 0.000000
0.748408 0.748408 0.748408 0.000000
0.751592 0.751592 0.751592 0.000000
0.754777 0.754777 0.754777 0.000000
0.757962 0.757962 0.757962 0.000000
0.761146 0.761146 0.761146 0.000000
0.764331 0.764331 0.764331 0.000000
0.767516 0.767516 0.767516 0.000000
0.770701 0.770701 0.770701 0.000000
0.773885 0.773885 0.773885 0.000000
0.777070 0.777070 0.777070 0.000000
0.780255 0.780255 0.780255 0.000000
0.783440 0.783440 0.783440 0.000000
0.786624 0.786624 0.786624 0.000000
0.789809 0.789809 0.789809 0.000000
0.792994 0.792994 0.792994 0.000000
0.796178 0.796178 0.796178 0.000000
0.799363 0.799363 0.799363 0.000000
0.802548 0.802548 0.802548 0.000000
0.805732 0.805732 0.805732 0.000000
0.808917 0.808917 0.808917 0.000000
0.812102 0.812102 0.812102 0.000000
0.815287 0.815287 0.815287 0.000000
0.818471 0.818471 0.818471 0.000000
0.821656 0.821656 0.821656 0.000000
0.824841 0.824841 0.824841 0.000000
0.828025 0.828025 0.828025 0.000000
0.831210 0.831210 0.831210 0.000000
0.834395 0.834395 0.834395 0.000000
0.837580 0.837580 0.837580 0.000000
0.840764 0.840764 0.840764 0.000000
0.843949 0.843949 0.843949 0.000000
0.847134 0.847134 0.847134 0.000000
0.850318 0.850318 0.850318 0.000000
0.853503 0.853503 0.853503 0.000000
0.856688 0.856688 0.856688 0.000000
0.859873 0.859873 0.859873 0.000000
0.863057 0.863057 0.863057 0.000000
0.866242 0.866242 0.866242 0.000000
0.869427 0.869427 0.869427 0.000000
0.872611 0.872611 0.872611 0.000000
0.875796 0.875796 0.875796 0.000000
0.878981 0.878981 0.878981 0.000000
0.882166 0.882166 0.882166 0.000000
0.885350 0.885350 0.885350 0.000000
0.888535 0.888535 0.888535 0.000000
0.891720 0.891720 0.891720 0.000000
0.894904 0.894904 0.894904 0.000000
0.898089 0.898089 0.898089 0.000000
0.901274 0.901274 0.901274 0.000000
0.904459 0.904459 0.904459 0.000000
0.907643 0.907643 0.907643 0.000000
0.910828 0.910828 0.910828 0.000000
0.914013 0.914013 0.914013 0.000000
0.917197 0.917197 0.917197 0.000000
0.920382 0.920382 0.920382 0.000000
0.923567 0.923567 0.923567 0.000000
0.926752 0.926752 0.926752 0.000000
0.929936 0.929936 0.929936 0.000000
0.933121 0.933121 0.933121 0.000000
0.936306 0.936306 0.936306 0.000000
0.939490 0.939490 0.939490 0.000000
0.942675 0.942675 0.942675 0.000000
0.945860 0.945860 0.945860 0.000000
0.949045 0.949045 0.949045 0.000000
0.952229 0.952229 0.952229 0.000000
0.955414 0.955414 0.955414 0.000000
0.958599 0.958599 0.958599 0.000000
0.961783 0.961783 0.961783 0.000000
0.964968 0.964968 0.964968 0.000000
0.968153 0.968153 0.968153 0.000000
0.971338 0.971338 0.971338 0.000000
0.974522 0.974522 0.974522 0.000000
0.977707 0.977707 0.977707 0.000000
0.980892 0.980892 0.980892 0.000000
0.984076 0.984076 0.984076 0.000000
0.987261 0.987261 0.987261 0.000000
0.990446 0.990446 0.990446 0.000000
0.993631 0.993631 0.993631 0.000000
0.996815 0.996815 0.996815 0.000000
1.000000 1.000000 1.000000 0.000000
