
Correlation coefficient                  0.749 
Mean absolute error                      0.3202
Root mean squared error                  0.4304
Relative absolute error                100.7283 %
Root relative squared error             99.2021 %
Total Number of Instances              130     
Our method Error:0.12714117318274779

===========================
Result:
No	Actual	Predicted	Error
0	527.333	354.17496350559486	0.3283656370725995
1	359.177	351.932927838214	0.020168530172550006
2	225.779	220.58009356407482	0.02302652786984255
3	358.555	222.29417821414697	0.3800276715869338
4	223.73	220.58009356407482	0.014079052589841214
5	376.442	222.29417821414697	0.4094862469805522
6	513.05	354.17496350559486	0.30966774484827037
7	358.778	351.932927838214	0.01907885143956985
8	414.623	352.20522395979424	0.15054103617070388
9	445.978	353.5422666603745	0.2072652313334414
10	359.266	351.63959698499394	0.02122773381006295
11	217.154	220.58009356407482	0.01577725284394862
12	411.632	352.6395810832894	0.14331349097424548
13	261.126	222.19156607128983	0.1491020960329885
14	404.298	352.2811298690973	0.12865972656531247
15	412.836	352.20522395979424	0.1468640720291006
16	427.24	353.4957303145634	0.17260619250406473
17	359.466	351.63959698499394	0.021772303959223027
18	362.409	351.45255123102567	0.030232275602908112
19	456.124	353.28680821681985	0.22545884843415423
20	435.038	352.7707172573651	0.18910367081182541
21	389.935	352.04077659478196	0.09718087221002998
22	394.669	352.0265929031491	0.10804600081802951
23	351.92	350.6412784167276	0.0036335575792010764
24	350.973	350.6412784167276	9.451484395450364E-4
25	360.873	350.6412784167276	0.028352693560539075
26	366.762	350.6412784167276	0.04395417623219534
27	412.887	352.70891014310695	0.14574953887357328
28	474.442	353.7354420933904	0.2544179434084874
29	373.344	350.6412784167276	0.060809123980223125
30	380.769	354.78336160083296	0.06824515230800575
31	500.641	354.17496350559486	0.292557014895714
32	221.585	220.58009356407482	0.004535083313063577
33	361.484	351.932927838214	0.026421839311797903
34	358.028	222.29417821414697	0.37911510213126637
35	235.165	222.27587369033745	0.05480886317973569
36	220.227	220.58009356407482	0.0016033164147666325
37	358.605	222.29417821414697	0.3801141138184159
38	239.7	222.27587369033745	0.07269139052842112
39	391.396	354.78336160083296	0.09354372144622596
40	517.851	354.17496350559486	0.3160678196902297
41	376.341	351.932927838214	0.0648562664227017
42	420.025	352.84108966405506	0.15995217031354067
43	401.773	355.0945797096558	0.11618107809719469
44	222.452	221.94304139596514	0.0022879479799456028
45	392.086	352.6395810832894	0.10060654784080693
46	407.317	353.28680821681985	0.13264899766810656
47	261.903	222.23292702367078	0.1514685703345484
48	477.245	353.6093476127554	0.25906117903224674
49	363.701	351.8233114116131	0.03265783868723744
50	408.785	354.82191057086754	0.13200848717328786
51	404.974	352.3470539419689	0.12995141924674444
52	272.571	222.19156607128983	0.1848304989478345
53	422.096	354.24444247562946	0.16074911281881502
54	403.074	352.84108966405506	0.12462453627856163
55	477.184	355.68643222820754	0.2546136663672556
56	376.31	352.6395810832894	0.06290138161810904
57	430.752	353.28680821681985	0.17983710298078745
58	484.862	354.34074842801044	0.26919257762412724
59	358.749	351.8233114116131	0.019305109110790405
60	372.53	354.22419454582234	0.04913914437542649
61	423.21	352.3470539419689	0.16744156815299988
62	445.616	353.5984802967381	0.20649509825334342
63	433.983	354.78014633963414	0.18250220322078484
64	367.631	352.7178125105329	0.04056564187858771
65	368.45	350.6412784167276	0.048334160899097346
66	367.465	350.6412784167276	0.04578319454443934
67	428.869	352.04077659478196	0.17914147071767383
68	360.812	352.65048932085716	0.022619842685783317
69	373.869	352.7178125105329	0.0565737931988668
70	402.445	352.6958750351429	0.12361720226330833
71	395.863	352.04077659478196	0.11070047820892086
72	415.848	352.70891014310695	0.1518321354362485
73	356.082	351.03155532454207	0.014183375389539277
74	395.622	352.70891014310695	0.10846992800423906
75	360.304	351.03155532454207	0.02573505893761353
76	361.65	350.5664361945054	0.030647210854402262
77	364.015	350.5664361945054	0.0369450813991033
78	405.563	353.4663271850738	0.12845519146205694
79	459.296	352.70891014310695	0.23206622713216105
80	391.655	354.85633660083295	0.09395683292481145
81	508.61	354.17496350559486	0.30364136862115404
82	224.12	220.58009356407482	0.015794692289510928
83	357.363	351.932927838214	0.015194835956117371
84	353.987	222.29417821414697	0.3720272828828546
85	239.253	222.27587369033745	0.07095888582238274
86	226.002	220.58009356407482	0.023990524136623545
87	348.523	222.29417821414697	0.36218218535319924
88	245.683	222.27587369033745	0.09527369134072176
89	390.155	354.85633660083295	0.09047343593999059
90	506.25	354.17496350559486	0.30039513381610894
91	360.221	351.932927838214	0.023008298133051587
92	408.05	352.84108966405506	0.13529937589987734
93	434.471	355.0945797096558	0.18269670539654934
94	226.312	221.94304139596514	0.019305024055440597
95	379.707	352.6395810832894	0.0712850142786691
96	398.025	353.28680821681985	0.11240045671297062
97	270.611	222.23292702367078	0.1787734902732306
98	501.827	353.6093476127554	0.2953560736812579
99	361.39	351.63959698499394	0.026980278964570253
100	415.477	354.9241105708675	0.14574306021544503
101	401.291	352.20522395979424	0.12231965341910424
102	298.161	222.19156607128983	0.25479332953910866
103	463.709	354.2736674756295	0.23600001838301712
104	416.895	352.84108966405506	0.15364518724365828
105	490.032	355.68643222820754	0.2741567239931116
106	372.092	352.6395810832894	0.052278519604588645
107	465.383	353.28680821681985	0.24086868618574409
108	527.043	354.34074842801044	0.32768152043000204
109	355.964	351.63959698499394	0.012148427973070466
110	385.255	354.19441956364767	0.08062343236649057
111	418.943	352.20522395979424	0.1593003727003572
112	434.535	353.4957303145634	0.18649653005036793
113	460.109	354.78014633963414	0.22892152437871427
114	361.149	352.85151251053287	0.02297524702952834
115	351.085	350.6412784167276	0.0012638579924303414
116	352.509	350.6412784167276	0.005298365668032423
117	418.734	352.04077659478196	0.15927348485009105
118	372.991	352.7253315430794	0.05433286180342312
119	369.51	352.85151251053287	0.04508264320171882
120	413.184	352.7707172573651	0.1462139936266528
121	372.525	352.04077659478196	0.05498751333526077
122	416.1	352.70891014310695	0.15234580595263897
123	358.087	351.36271954022834	0.018778342860175455
124	408.271	352.70891014310695	0.1360911988774443
125	358.672	351.36271954022834	0.020378731709672582
126	358.888	350.6412784167276	0.02297853810456857
127	358.227	350.6412784167276	0.02117573935876526
128	396.169	353.4663271850738	0.10778903148637624
129	475.232	352.70891014310695	0.2578174236097171
