
Correlation coefficient                  0.8776
Mean absolute error                      0.1191
Root mean squared error                  0.1664
Relative absolute error                 46.9791 %
Root relative squared error             54.9373 %
Total Number of Instances              180     
Our method Error:0.20729111627947996

===========================
Result:
No	Actual	Predicted	Error
0	39.416	40.03066121181589	0.015594205698596833
1	98.532	92.17564334837192	0.06451058185795555
2	43.708	41.63059955705398	0.047529066599844766
3	181.597	96.02567050496533	0.4712155459343198
4	29.814	40.4132475195082	0.3555124277020258
5	97.798	94.27085996131454	0.0360655641085243
6	101.357	92.17564334837192	0.09058433706234477
7	182.538	96.02567050496533	0.47394147791163854
8	105.914	94.27085996131454	0.10993013235913533
9	38.182	40.03066121181589	0.04841708689476421
10	34.694	41.63059955705398	0.199936575691877
11	33.68	40.4132475195082	0.19991827551983957
12	107.079	92.63369384377357	0.13490325980095466
13	28.349	42.551095074148	0.5009734055574447
14	129.099	93.72102288528762	0.2740375767024715
15	180.181	92.06587070671617	0.4890367424605471
16	140.199	94.41610138988597	0.32655652757946946
17	117.644	92.26212795671617	0.21575152190748217
18	105.061	93.06481912948786	0.11418300673429863
19	183.122	92.55576701623998	0.4945677361745723
20	29.265	41.50455410803079	0.41823181643706775
21	171.807	98.47999559181802	0.4267987009154573
22	30.977	42.764808085303514	0.38053420554939194
23	87.207	93.9441444198005	0.0772546288692479
24	178.534	93.28989759957332	0.47746705053618177
25	35.279	42.551095074148	0.2061309865400946
26	146.453	93.06481912948786	0.3645413946488781
27	79.917	91.75422451440848	0.14811897987172284
28	210.029	92.80000129004951	0.5581562484702136
29	87.12	94.11481919297991	0.08028947650344241
30	103.254	91.73199409377357	0.11158895448337536
31	29.944	41.50455410803079	0.3860724722158292
32	28.232	42.764808085303514	0.5147636754499687
33	181.01	143.09589673663538	0.20945861147651848
34	47.633	40.97593381895875	0.13975744087169087
35	193.249	145.89642708187347	0.245033986815593
36	148.24	140.74992006436648	0.05052671300346419
37	202.176	140.74992006436648	0.30382478600641777
38	154.293	145.89642708187347	0.05441966205937105
39	174.366	143.09589673663538	0.17933601311818032
40	48.589	40.03066121181589	0.1761373724131822
41	34.693	40.729573616577795	0.17399975835407136
42	169.51	145.89642708187347	0.1393048959832843
43	134.051	143.42385304055693	0.06992005311826803
44	181.646	142.8101967366354	0.21379938596701606
45	187.577	145.89642708187347	0.22220513665388897
46	175.704	142.8101967366354	0.1872114650967799
47	142.375	143.42385304055693	0.007366834349829219
48	113.675	93.22173624853544	0.17992754564736804
49	185.053	143.42385304055693	0.22495796857896422
50	67.307	53.92827017450516	0.19877174477386964
51	29.885	40.524699424270096	0.35602139616095346
52	94.392	92.17564334837192	0.023480344220146575
53	28.484	40.4132475195082	0.4188052071165635
54	103.998	93.42121265392747	0.10170183413212307
55	161.434	134.72775835400319	0.1654313319746572
56	89.027	92.17564334837192	0.03536728574895166
57	100.697	93.42121265392747	0.0722542612597449
58	152.549	134.72775835400319	0.1168230643661828
59	67.028	53.92827017450516	0.19543668057371316
60	29.524	40.524699424270096	0.3726019314547519
61	28.459	40.4132475195082	0.4200515660953722
62	32.415	41.541777262792685	0.2815603042663176
63	87.781	116.19791583812739	0.32372513229659466
64	130.929	115.18872611653521	0.12021991983032632
65	99.67	91.14087036758309	0.08557368949951752
66	130.424	99.86094549804147	0.23433612296784742
67	140.698	115.83970861653522	0.17667835636231352
68	105.492	90.59426286758308	0.14122148724469077
69	37.639	41.56611369136412	0.10433629191434735
70	80.948	116.84889833812738	0.44350568683756725
71	28.49	41.50455410803079	0.45681130600318676
72	104.773	94.60772441674798	0.0970219005206686
73	143.844	100.23132491470817	0.30319425965137115
74	31.504	41.541777262792685	0.3186191360713777
75	99.365	116.84889833812738	0.1759563059238906
76	141.62	99.90270335330466	0.2945720706587724
77	107.918	91.30579860567833	0.153933555054038
78	145.92	100.45354876997133	0.3115847809075429
79	36.064	41.56611369136412	0.15256526429026515
80	91.191	116.19791583812739	0.2742257003227005
81	30.174	41.50455410803079	0.37550719520218695
82	99.017	90.86305945091642	0.08234889512996327
83	80.784	47.76462457048419	0.40873657443944117
84	158.712	161.5284703644967	0.017745793415096044
85	172.386	140.74992006436648	0.183518846864789
86	185.669	140.74992006436648	0.24193096281896026
87	160.124	141.04604298103314	0.11914489407563424
88	88.936	47.76462457048419	0.46293261929382723
89	150.672	161.5284703644967	0.07205366866104329
90	29.652	40.4132475195082	0.3629181006174354
91	180.32	141.04604298103314	0.21780144753198122
92	140.148	141.76964631436644	0.011570955806479181
93	122.429	160.74935286449673	0.31300061966116466
94	145.472	141.76964631436644	0.025450627513429167
95	116.557	160.74935286449673	0.3791479950967915
96	155.469	143.42385304055693	0.07747619756635123
97	151.167	143.42385304055693	0.05122246892141186
98	126.532	100.93848789883513	0.20226908688051135
99	188.97	141.76964631436644	0.24977696822582188
100	69.232	53.92827017450516	0.22104994548033916
101	88.955	92.17564334837192	0.03620530996989402
102	29.658	40.4132475195082	0.36264237371057373
103	143.808	134.3581148698762	0.06571181804992622
104	96.4	92.17564334837192	0.04382112709157764
105	136.111	134.3581148698762	0.012878350244460672
106	65.36	53.92827017450516	0.17490406709753428
107	30.278	40.4132475195082	0.3347396631054957
108	106.899	116.19791583812739	0.08698786553781968
109	31.219	41.524601608030785	0.33010671732056707
110	114.512	92.18706057059413	0.19495720474191242
111	28.24	41.50455410803079	0.46970800665831414
112	99.824	91.30864836758309	0.08530365074948819
113	150.632	99.03175383137483	0.34255832869924835
114	107.009	91.30864836758309	0.14671991731926204
115	94.728	116.19791583812739	0.226648043219823
116	29.073	41.524601608030785	0.42828746974962284
117	28.212	41.50455410803079	0.47116667049591626
118	103.486	90.70422445091641	0.12351212288699524
119	125.225	100.12719818663798	0.2004216555269476
120	174.6	161.03505286449672	0.07769156434996148
121	104.007	47.76462457048419	0.5407556744211045
122	35.618	40.4132475195082	0.13462989273704853
123	207.081	140.74992006436648	0.32031465917024504
124	143.809	140.74992006436648	0.021271825376948033
125	141.134	143.42385304055693	0.016224673293160748
126	136.092	143.42385304055693	0.05387423978306529
127	165.25	161.03505286449672	0.025506487960685508
128	121.931	100.10929623216848	0.17896764373154916
129	185.894	143.42385304055693	0.2284643235362253
130	93.55	53.92827017450516	0.4235353268358615
131	104.892	93.42121265392747	0.10935807636495183
132	30.305	40.4132475195082	0.333550487362092
133	123.544	91.65280105868936	0.2581363638971592
134	27.778	40.524699424270096	0.45887750825365753
135	130.974	134.3581148698762	0.025838066103777958
136	111.19	93.42121265392747	0.15980562412152646
137	135.546	91.65280105868936	0.3238251142882168
138	130.937	134.3581148698762	0.026127946034170565
139	62.975	53.92827017450516	0.14365589242548382
140	33.209	40.4132475195082	0.21693659909988836
141	27.959	40.524699424270096	0.44943307787367565
142	113.229	116.84889833812738	0.031969710393339026
143	46.283	42.280885596126026	0.08647050545284392
144	124.869	98.42661225242745	0.21176102753743967
145	125.476	91.087723022345	0.2740625854956725
146	146.297	114.56071118796382	0.21693055094797692
147	135.446	100.1183489980415	0.26082461646677274
148	100.634	91.73987170091642	0.08838094778189852
149	105.945	116.19791583812739	0.09677583499105567
150	30.787	41.500265179459355	0.34798015979015023
151	88.062	100.37945835204388	0.13987257105271156
152	30.987	41.48021767945936	0.338632900231044
153	131.988	114.50667468796378	0.1324463232417812
154	117.332	116.19791583812739	0.00966559985232168
155	41.312	42.280885596126026	0.023452885266412395
156	100.506	91.10025360567833	0.09358392926115523
157	133.905	100.67804360330464	0.24813828009928948
158	119.271	91.01904885567834	0.2368719231357301
159	111.831	99.3415906076906	0.11168110266660762
160	104.022	116.84889833812738	0.12330947624663416
161	33.5	41.500265179459355	0.2388138859540106
162	30.551	41.48021767945936	0.3577368229995535
163	182.057	161.03505286449672	0.1154690406603606
164	62.065	47.76462457048419	0.23040965809257732
165	195.398	139.9643124854191	0.28369628918709966
166	142.183	141.04604298103314	0.007996434306259213
167	191.438	141.04604298103314	0.26322860152616956
168	150.422	139.9643124854191	0.06952232728311615
169	187.243	161.03505286449672	0.13996756693442894
170	74.239	47.76462457048419	0.3566100759643289
171	33.697	40.524699424270096	0.2026203942270853
172	146.316	138.70897765208574	0.05199036570104614
173	139.377	141.76964631436644	0.017166722733065215
174	154.992	161.03505286449672	0.03898945019418247
175	147.619	138.70897765208574	0.06035823537562417
176	165.343	161.03505286449672	0.026054608513836508
177	136.935	141.76964631436644	0.035306140244396524
178	129.296	103.32650839975088	0.20085301633653876
179	198.681	141.76964631436644	0.286445879000174
